    22 
  5.000000000000000000E+00 
  5.000000000000000000E-01 
  5.000000000000000000E+00 
  1.000000000000000000E+00 
  5.000000000000000000E+00 
  4.068008190455954853E+00 
  6.000000000000000000E+00 
  4.187066974261327346E+00 
  5.000000000000000000E-01 
  4.000000000000000777E-02 
  9.000000000000001776E+00 
  1.000000000000000000E+00 
  9.000000000000001776E+00 
  1.450489860870685845E+02 
  6.425091296415261777E-01 
  4.751504642050614180E+00 
  5.995983771445618365E-02 
  1.048899999999999864E+02 
  3.489868763112303207E-01 
  1.741329268230044913E-01 
  1.659071408141863102E-01 
  2.999999999999999556E+00 
