   751 
  1.398000000000000114E+02 
  1.398000000000000114E+02 
  1.398000000000000114E+02 
  1.398000000000000114E+02 
  1.398000000000000114E+02 
  1.398063298217720103E+02 
  1.398485131168267515E+02 
  1.399265418911378731E+02 
  1.400360225480862084E+02 
  1.401725614910525906E+02 
  1.403317651234179095E+02 
  1.405096545058796949E+02 
  1.408662870291621516E+02 
  1.414675784774241833E+02 
  1.422156989689257216E+02 
  1.430128186219272379E+02 
  1.437611075546889765E+02 
  1.443627358854712668E+02 
  1.447929790143400339E+02 
  1.452041949089060040E+02 
  1.455903689058204122E+02 
  1.459332525625831067E+02 
  1.462145974366939924E+02 
  1.464161550856529743E+02 
  1.465232342257204152E+02 
  1.465820217054486818E+02 
  1.466207333981032264E+02 
  1.466506281887848218E+02 
  1.466829649625942977E+02 
  1.467290026046324272E+02 
  1.468000000000000114E+02 
  1.470810952529216991E+02 
  1.476539953201558149E+02 
  1.483748123656039581E+02 
  1.490996585531670178E+02 
  1.496846460467465079E+02 
  1.499858870102438289E+02 
  1.500000000000000000E+02 
  1.500000000000000000E+02 
  1.500000000000000000E+02 
  1.500000000000000000E+02 
  1.500000000000000000E+02 
  1.500000000000000000E+02 
  1.499679633203232640E+02 
  1.497985971055427399E+02 
  1.495379186153551530E+02 
  1.492478344771550667E+02 
  1.489902513183371582E+02 
  1.488270757662960477E+02 
  1.488053884119131851E+02 
  1.488527964282910716E+02 
  1.489417375270615196E+02 
  1.490632226307625956E+02 
  1.492082626619323094E+02 
  1.493678685431086137E+02 
  1.495340343111044206E+02 
  1.497325252603899912E+02 
  1.499786864339973533E+02 
  1.502731604247213397E+02 
  1.506165898253566127E+02 
  1.510096172286980618E+02 
  1.514528852275405200E+02 
  1.521374376185895301E+02 
  1.532174011877384032E+02 
  1.544902003240505053E+02 
  1.557505655977386994E+02 
  1.567932275790155927E+02 
  1.574129168380938779E+02 
  1.574058937842032435E+02 
  1.567241477958088751E+02 
  1.555423653716344177E+02 
  1.540501564796250307E+02 
  1.524371310877258452E+02 
  1.508928991638816797E+02 
  1.496070706760386031E+02 
  1.484868945223720402E+02 
  1.472647829927754799E+02 
  1.460507707549604675E+02 
  1.449582513884571142E+02 
  1.441006184727965547E+02 
  1.435912655875089001E+02 
  1.435057020586482111E+02 
  1.435621953999813343E+02 
  1.436602825252894604E+02 
  1.437765303168401658E+02 
  1.438875056569010837E+02 
  1.439697754277398190E+02 
  1.439999553821844245E+02 
  1.439812767860819918E+02 
  1.439322645770224085E+02 
  1.438581064706528991E+02 
  1.437639901826207165E+02 
  1.436551034285731134E+02 
  1.435366339241572859E+02 
  1.433723383991005562E+02 
  1.430768508262798946E+02 
  1.427080997849195967E+02 
  1.423325426723939415E+02 
  1.420166368860771229E+02 
  1.418268398233436187E+02 
  1.418000000000000114E+02 
  1.418000000000000114E+02 
  1.418000000000000114E+02 
  1.418000000000000114E+02 
  1.418000000000000114E+02 
  1.418000000000000114E+02 
  1.417970697593332829E+02 
  1.416435000506947119E+02 
  1.413079812262970734E+02 
  1.408618921236710264E+02 
  1.403766115803470313E+02 
  1.399235184338555200E+02 
  1.395739915217270379E+02 
  1.393541756942400696E+02 
  1.391676186764227054E+02 
  1.390022484118256045E+02 
  1.388531568236574856E+02 
  1.387154358351271242E+02 
  1.385841773694431822E+02 
  1.384562066752800149E+02 
  1.383456621777653197E+02 
  1.382488975058232086E+02 
  1.381559308057646831E+02 
  1.380567802239006596E+02 
  1.379414639065421113E+02 
  1.378000000000000114E+02 
  1.375709069117774845E+02 
  1.372378432430874682E+02 
  1.368585374308055407E+02 
  1.364907179118075931E+02 
  1.361921131229692321E+02 
  1.360204515011660931E+02 
  1.360631767880240375E+02 
  1.364439197427865622E+02 
  1.370449471133616157E+02 
  1.377218101024951409E+02 
  1.383300599129329385E+02 
  1.387252477474208945E+02 
  1.387910627283084466E+02 
  1.387007492589220590E+02 
  1.385383904863975602E+02 
  1.383353052999506474E+02 
  1.381228125887970180E+02 
  1.379322312421522838E+02 
  1.377947660016270390E+02 
  1.376873776018440196E+02 
  1.375800118740750406E+02 
  1.374802516340152181E+02 
  1.373956796973596397E+02 
  1.373338788798034784E+02 
  1.373024319970418219E+02 
  1.373124858239239643E+02 
  1.373748922551779970E+02 
  1.374788281126026845E+02 
  1.376120317223999336E+02 
  1.377622414107717930E+02 
  1.379171955039202260E+02 
  1.380750191125488300E+02 
  1.382923259728226242E+02 
  1.385512137893681199E+02 
  1.388171409245007339E+02 
  1.390555657405357692E+02 
  1.392319465997885857E+02 
  1.393162086485112354E+02 
  1.393565334097164907E+02 
  1.393826287413814669E+02 
  1.394034343183509463E+02 
  1.394278898154697970E+02 
  1.394649349075828297E+02 
  1.395345824841668616E+02 
  1.397615643421604545E+02 
  1.401448703553906512E+02 
  1.406416523808991315E+02 
  1.412090622757276890E+02 
  1.418042518969176626E+02 
  1.423857504189394092E+02 
  1.429964077407600769E+02 
  1.436730163798424087E+02 
  1.444129898331363790E+02 
  1.452137415975913086E+02 
  1.460726851701571150E+02 
  1.469961675196776412E+02 
  1.482261677202453427E+02 
  1.497160341141583331E+02 
  1.512538510510251513E+02 
  1.526277028804556437E+02 
  1.536256739520592305E+02 
  1.540564575517691992E+02 
  1.542261000467682379E+02 
  1.543328538697791714E+02 
  1.544127345772511433E+02 
  1.545017577256332117E+02 
  1.546359388713744920E+02 
  1.548785600906359434E+02 
  1.560337801685012664E+02 
  1.580838412676723692E+02 
  1.605162092701904157E+02 
  1.628183500580964846E+02 
  1.644777295134320809E+02 
  1.649823587660680175E+02 
  1.640721673047891045E+02 
  1.621382343232074277E+02 
  1.596754399690884156E+02 
  1.571786643901969285E+02 
  1.551427877342999011E+02 
  1.540626901491620799E+02 
  1.539622561197212463E+02 
  1.539286619401851510E+02 
  1.539073894658919244E+02 
  1.538910211358051185E+02 
  1.538721393888882290E+02 
  1.538433266641047794E+02 
  1.537969663483678460E+02 
  1.536456709578596076E+02 
  1.533435237144008170E+02 
  1.529223716843771683E+02 
  1.524140619341743275E+02 
  1.518504415301779318E+02 
  1.512633575387735334E+02 
  1.506340643024319377E+02 
  1.497745877484598509E+02 
  1.487558207630709148E+02 
  1.476850708797483662E+02 
  1.466696456319752428E+02 
  1.458168525532354636E+02 
  1.452301219538496468E+02 
  1.447796153341497245E+02 
  1.443648031022156601E+02 
  1.439982488616774106E+02 
  1.436925162161652452E+02 
  1.434601687693090639E+02 
  1.433137701247389941E+02 
  1.432311637715571635E+02 
  1.431586354653734645E+02 
  1.430972439740464495E+02 
  1.430490900790931050E+02 
  1.430162745620303610E+02 
  1.430008982043752610E+02 
  1.431343795105904348E+02 
  1.437004061629350815E+02 
  1.445342989493470611E+02 
  1.454447249169211318E+02 
  1.462403511127521085E+02 
  1.467298445839348062E+02 
  1.467135957577605154E+02 
  1.460948610134675505E+02 
  1.450426672419178260E+02 
  1.437503456261054851E+02 
  1.424112273490243581E+02 
  1.412186435936694124E+02 
  1.403546266358675609E+02 
  1.396062092153498781E+02 
  1.388614893364068337E+02 
  1.381744877372191809E+02 
  1.375992251559682700E+02 
  1.371897223308349112E+02 
  1.370000000000000000E+02 
  1.369424214209582544E+02 
  1.368937389926445292E+02 
  1.368545571654001662E+02 
  1.368254803895663656E+02 
  1.368071131154844409E+02 
  1.368000597934956204E+02 
  1.369254169121477958E+02 
  1.372886478169627935E+02 
  1.377745787057098994E+02 
  1.382663524508347450E+02 
  1.386471119247829051E+02 
  1.388000000000000114E+02 
  1.385632129238591688E+02 
  1.379758579687565145E+02 
  1.372224445446719585E+02 
  1.364874820615853537E+02 
  1.359554799294764678E+02 
  1.358013123197768550E+02 
  1.358442946790176791E+02 
  1.359389679826202837E+02 
  1.360730454266311824E+02 
  1.362342402070969456E+02 
  1.364102655200639731E+02 
  1.366052688579091523E+02 
  1.368939904727852479E+02 
  1.372509877900538697E+02 
  1.376330974140936121E+02 
  1.379971559492828135E+02 
  1.383000000000000114E+02 
  1.385232724278283740E+02 
  1.387002137387476921E+02 
  1.388650570037314083E+02 
  1.390520352937529367E+02 
  1.392953816797857769E+02 
  1.396477961820253597E+02 
  1.403179756255973700E+02 
  1.412665013715429154E+02 
  1.423798587462292176E+02 
  1.435445330760242086E+02 
  1.446470096872956788E+02 
  1.456831239904364281E+02 
  1.467723909261301571E+02 
  1.478799519643034728E+02 
  1.489678264615587011E+02 
  1.499980337744978840E+02 
  1.509318157696770868E+02 
  1.517147245192665252E+02 
  1.523911565934533598E+02 
  1.530451701355841010E+02 
  1.537608232890049749E+02 
  1.546221741970622929E+02 
  1.557569788564467217E+02 
  1.576329532156755704E+02 
  1.600706011710593657E+02 
  1.627083325452701388E+02 
  1.651845571609798924E+02 
  1.671376848408610840E+02 
  1.682572804370131792E+02 
  1.690821645787275429E+02 
  1.698334427995031035E+02 
  1.704807608512846855E+02 
  1.709937644860172838E+02 
  1.713420994556454389E+02 
  1.714954115121142308E+02 
  1.715000000000000000E+02 
  1.715000000000000000E+02 
  1.715000000000000000E+02 
  1.715000000000000000E+02 
  1.715000000000000000E+02 
  1.715000000000000000E+02 
  1.715000000000000000E+02 
  1.713774927612695649E+02 
  1.709214876845570643E+02 
  1.702009997527978271E+02 
  1.692932152264173169E+02 
  1.682753203658410541E+02 
  1.672245014314941329E+02 
  1.662179446838026990E+02 
  1.653020564394238647E+02 
  1.643696915020101983E+02 
  1.633996992784842632E+02 
  1.623888188388366132E+02 
  1.613337892530586544E+02 
  1.602313495911410257E+02 
  1.590782389230745650E+02 
  1.578684109669816280E+02 
  1.565710872393831892E+02 
  1.551904329262142710E+02 
  1.537415100784002675E+02 
  1.522393807468670275E+02 
  1.506991069825403144E+02 
  1.491357508363454940E+02 
  1.475631146290718618E+02 
  1.459293180201797782E+02 
  1.442222305468513639E+02 
  1.424719882389810834E+02 
  1.407087271264628612E+02 
  1.389625832391921563E+02 
  1.372636926070628647E+02 
  1.356415320651699119E+02 
  1.340475163499948792E+02 
  1.324543706517642647E+02 
  1.308875881553937575E+02 
  1.293726620457977958E+02 
  1.279350855078911309E+02 
  1.266003517265886416E+02 
  1.253871261369439623E+02 
  1.242358064857734519E+02 
  1.231361003802267504E+02 
  1.221003372495899839E+02 
  1.211408465231492357E+02 
  1.202699576301903761E+02 
  1.195000000000000000E+02 
  1.187550983274104084E+02 
  1.179925905515719506E+02 
  1.172746259682474061E+02 
  1.166633538731994264E+02 
  1.162209235621911461E+02 
  1.160094843309851740E+02 
  1.160019130245718486E+02 
  1.160103367643705354E+02 
  1.160253314061507979E+02 
  1.160467429744707744E+02 
  1.160744174938886033E+02 
  1.161082009889624089E+02 
  1.161479394842503297E+02 
  1.161934790043105323E+02 
  1.162446655737010985E+02 
  1.163013452169801951E+02 
  1.163633639587059463E+02 
  1.164305678234365047E+02 
  1.165028028357299945E+02 
  1.165799150201445542E+02 
  1.166617504012382938E+02 
  1.167481550035693800E+02 
  1.168389748516959372E+02 
  1.169340559701761322E+02 
  1.170332443835680323E+02 
  1.171363861164298186E+02 
  1.172433271933196153E+02 
  1.173539136387955466E+02 
  1.174679914774158078E+02 
  1.175854067337384521E+02 
  1.177060054323216463E+02 
  1.178296335977235429E+02 
  1.179561372545022522E+02 
  1.180853624272159550E+02 
  1.182171551404227188E+02 
  1.183513614186807246E+02 
  1.184878272865480824E+02 
  1.186263987685829449E+02 
  1.187669218893434788E+02 
  1.189092426733877375E+02 
  1.190532071452739160E+02 
  1.191986613295601245E+02 
  1.193454512508045156E+02 
  1.194934229335652702E+02 
  1.196424224024004133E+02 
  1.197922956818681541E+02 
  1.199428887965266028E+02 
  1.200940477709339120E+02 
  1.202456186296482485E+02 
  1.203974473972276513E+02 
  1.205493800982303298E+02 
  1.207012627572144083E+02 
  1.208529413987379968E+02 
  1.210042620473593047E+02 
  1.211550707276363710E+02 
  1.213052134641273625E+02 
  1.214545362813904319E+02 
  1.216028852039837034E+02 
  1.217501062564653580E+02 
  1.218960454633934489E+02 
  1.220405488493261430E+02 
  1.221834624388215929E+02 
  1.223246322564379227E+02 
  1.224639043267333136E+02 
  1.226011246742658045E+02 
  1.227361393235935907E+02 
  1.228687942992747963E+02 
  1.229989356258675599E+02 
  1.231264093279300624E+02 
  1.232510614300203571E+02 
  1.233727379566965965E+02 
  1.234912849325169475E+02 
  1.236065483820395343E+02 
  1.237183743298225238E+02 
  1.238266088004239833E+02 
  1.239310978184020939E+02 
  1.240316874083149656E+02 
  1.241282235947207511E+02 
  1.242205524021776029E+02 
  1.243085198552436168E+02 
  1.243919719784769455E+02 
  1.244707547964357275E+02 
  1.245447143336781011E+02 
  1.246136966147622047E+02 
  1.246775476642461484E+02 
  1.247361135066880991E+02 
  1.247892401666461666E+02 
  1.248367736686784895E+02 
  1.248785600373432345E+02 
  1.249144452971984975E+02 
  1.249442754728024312E+02 
  1.249678965887131596E+02 
  1.249851546694888356E+02 
  1.249958957396875974E+02 
  1.249999658238675551E+02 
  1.249317687715096525E+02 
  1.247104402205472127E+02 
  1.243592854460754893E+02 
  1.239024581640960605E+02 
  1.233641120906109307E+02 
  1.227684009416216924E+02 
  1.221394784331300798E+02 
  1.215014982811378275E+02 
  1.208786142016464566E+02 
  1.202949799106580713E+02 
  1.197747491241742210E+02 
  1.193420755581966262E+02 
  1.190211129287269927E+02 
  1.188360149517670266E+02 
  1.189109763202243215E+02 
  1.202968947867126417E+02 
  1.228687225778774206E+02 
  1.261189335061237813E+02 
  1.295400013838577706E+02 
  1.327952566326441683E+02 
  1.364061513295865780E+02 
  1.404249452226718518E+02 
  1.448050806625819291E+02 
  1.495000000000000000E+02 
  1.549027637644500146E+02 
  1.610862991224287555E+02 
  1.675238483800715130E+02 
  1.736886538435136629E+02 
  1.791609045526700186E+02 
  1.846802361406968487E+02 
  1.900768984377302218E+02 
  1.948113865568454344E+02 
  1.983441956111177831E+02 
  2.004888232951735745E+02 
  2.023343801310552408E+02 
  2.039029052643451791E+02 
  2.050706342152367085E+02 
  2.057138025039232332E+02 
  2.057152854229595391E+02 
  2.051065671046780778E+02 
  2.040654594520002263E+02 
  2.027759579263712908E+02 
  2.014220579892365208E+02 
  2.001877551020407964E+02 
  1.992570447262301343E+02 
  1.988139223232493862E+02 
  1.995938097405550025E+02 
  2.024499772416924088E+02 
  2.067399180700956265E+02 
  2.117808830223028735E+02 
  2.168901228948560913E+02 
  2.213848884842961127E+02 
  2.245824305871637989E+02 
  2.258000000000000114E+02 
  2.256474052733167355E+02 
  2.252576298851034551E+02 
  2.247326870231150053E+02 
  2.241745898751062214E+02 
  2.236853516288317962E+02 
  2.233669854720469061E+02 
  2.233011719474367567E+02 
  2.233158995220755685E+02 
  2.233435234705574999E+02 
  2.233789863913754630E+02 
  2.234172308830223130E+02 
  2.234531995439909622E+02 
  2.234818349727743225E+02 
  2.234980797678652777E+02 
  2.234694746426655740E+02 
  2.232734570889923589E+02 
  2.229298670437446503E+02 
  2.224783982040824526E+02 
  2.219587442671656845E+02 
  2.214105989301541229E+02 
  2.208736558902079992E+02 
  2.203876088444871186E+02 
  2.199558753981160635E+02 
  2.195217623597669387E+02 
  2.190830227158962202E+02 
  2.186394104439144712E+02 
  2.181906795212320276E+02 
  2.177365839252592252E+02 
  2.172768118289285439E+02 
  2.167866214079376448E+02 
  2.162620154297608792E+02 
  2.157262937746441480E+02 
  2.152027563228330393E+02 
  2.147147029545732551E+02 
  2.142854335501107812E+02 
  2.139375285370163340E+02 
  2.136609524871991539E+02 
  2.134317853828715670E+02 
  2.132333547290173215E+02 
  2.130489880306202792E+02 
  2.128620127926641032E+02 
  2.126557565201325701E+02 
  2.124135467180093997E+02 
  2.121187108912783117E+02 
  2.117032638911843776E+02 
  2.110242939869561098E+02 
  2.101592101059548270E+02 
  2.092025697547398693E+02 
  2.082489304398702927E+02 
  2.073928496679059492E+02 
  2.067288849454059232E+02 
  2.063515937789295549E+02 
  2.063201789629545999E+02 
  2.064666939793971778E+02 
  2.067216035894522008E+02 
  2.070451299606013436E+02 
  2.073974952603262523E+02 
  2.077389216561086300E+02 
  2.080296313154302084E+02 
  2.082298464057724630E+02 
  2.082989084388004244E+02 
  2.078517348788039385E+02 
  2.067175281237508102E+02 
  2.050764969781000957E+02 
  2.031088502463123859E+02 
  2.009947967328468508E+02 
  1.989145452421631148E+02 
  1.970483045787208027E+02 
  1.955762835469791412E+02 
  1.946097354433258033E+02 
  1.937626569988102858E+02 
  1.929574260778971109E+02 
  1.922112080493244548E+02 
  1.915411682818303518E+02 
  1.909644721441534330E+02 
  1.904982850050317040E+02 
  1.901597722332033982E+02 
  1.899614667312654035E+02 
  1.898147656029405539E+02 
  1.896817300672204283E+02 
  1.895647260948018413E+02 
  1.894661196563816645E+02 
  1.893882767226567978E+02 
  1.893335632643240842E+02 
  1.893043452520804522E+02 
  1.893700051424927437E+02 
  1.899618015910846509E+02 
  1.910037098184015747E+02 
  1.923101167198150563E+02 
  1.936954091906954432E+02 
  1.949739741264141628E+02 
  1.959601984223423585E+02 
  1.964684689738511736E+02 
  1.963478390921991661E+02 
  1.956700530702847232E+02 
  1.945767137676474476E+02 
  1.932079427632028796E+02 
  1.917038616358664456E+02 
  1.902045919645532308E+02 
  1.888502553281795429E+02 
  1.877809733056604671E+02 
  1.870430075486596024E+02 
  1.863873083778679245E+02 
  1.857844332764579462E+02 
  1.852291866605910400E+02 
  1.847163729464280095E+02 
  1.842407965501299145E+02 
  1.837972618878577009E+02 
  1.833805733757722862E+02 
  1.829682770897171054E+02 
  1.825351823549255812E+02 
  1.821037116716679520E+02 
  1.816975587819902955E+02 
  1.813404174279385472E+02 
  1.810559813515589269E+02 
  1.808679442948974270E+02 
  1.808000000000000114E+02 
  1.812861841556055822E+02 
  1.825737707655065094E+02 
  1.844063110443276798E+02 
  1.865273562066950035E+02 
  1.886804574672341346E+02 
  1.906091660405706989E+02 
  1.920570331413306917E+02 
  1.927676099841389146E+02 
  1.922615548801996681E+02 
  1.901343642834572165E+02 
  1.868741191035518909E+02 
  1.830017639764194257E+02 
  1.790382435379991080E+02 
  1.755045024242268710E+02 
  1.729214852710396144E+02 
  1.718101367143742664E+02 
  1.718338906890659246E+02 
  1.719377064972856033E+02 
  1.720897356968671090E+02 
  1.722678112113222255E+02 
  1.724497659641627649E+02 
  1.726134328789005963E+02 
  1.727366448790474465E+02 
  1.727972348881151561E+02 
  1.727717684100049951E+02 
  1.726587832772136721E+02 
  1.724821203511379224E+02 
  1.722662470940208550E+02 
  1.720356309681054654E+02 
  1.718147394356348627E+02 
  1.716280399588520140E+02 
  1.715000000000000000E+02 
  1.714094438429771969E+02 
  1.713208900689753591E+02 
  1.712373475861778331E+02 
  1.711618253027679373E+02 
  1.710973321269289613E+02 
  1.710468769668442519E+02 
  1.710134687306971273E+02 
  1.710001163266709057E+02 
  1.711989026063100425E+02 
  1.718076700894363285E+02 
  1.726980116325239578E+02 
  1.737389625565211588E+02 
  1.747995581823761029E+02 
  1.757488338310369613E+02 
  1.764558248234519908E+02 
  1.767895664805689364E+02 
  1.765703786436841369E+02 
  1.757392887647324358E+02 
  1.744795430441904784E+02 
  1.729795616322074068E+02 
  1.714277646789336700E+02 
  1.700125723345184667E+02 
  1.689224047491113083E+02 
  1.683456820728617913E+02 
  1.683427533784526133E+02 
  1.685507301881473836E+02 
  1.688828654694071076E+02 
  1.692845840698955158E+02 
  1.697013108372763952E+02 
  1.700784706192135900E+02 
  1.703614882633706316E+02 
  1.704957886174113924E+02 
  1.703526931463095480E+02 
  1.698176149448092360E+02 
  1.690021022708581597E+02 
  1.680234808496733763E+02 
  1.669990764064711755E+02 
  1.660462146664680176E+02 
  1.652822213548804484E+02 
  1.648244221969248713E+02 
  1.646282662521701639E+02 
  1.644919489462688773E+02 
  1.643925629754876354E+02 
  1.643089687379015800E+02 
  1.642200266315857107E+02 
  1.641045970546152262E+02 
  1.639415404050651262E+02 
  1.636561219360553707E+02 
  1.626850048119050314E+02 
  1.611110429458531996E+02 
  1.592238188261624146E+02 
  1.573129149410939078E+02 
  1.556679137789093090E+02 
  1.545783978278702193E+02 
  1.543236722634816829E+02 
  1.548357111759474094E+02 
  1.558539550781250398E+02 
  1.571629975914137844E+02 
  1.585474323372127969E+02 
  1.597918529369216003E+02 
  1.606808530119386091E+02 
  1.610000000000000000E+02 
  1.610000000000000000E+02 
  1.610000000000000000E+02 
  1.610000000000000000E+02 
  1.610000000000000000E+02 
  1.610000000000000000E+02 
  1.610000000000000000E+02 
  1.610000000000000000E+02 
  1.608347627264149082E+02 
  1.603363057657694810E+02 
  1.596232745678212837E+02 
  1.588165560268253671E+02 
  1.580370370370368960E+02 
  1.574056044927108360E+02 
  1.570431452881026644E+02 
  1.570000000000000000E+02 
  1.570000000000000000E+02 
  1.570000000000000000E+02 
  1.570000000000000000E+02 
  1.570000000000000000E+02 
  1.570000000000000000E+02 
  1.570000000000000000E+02 
