   751 
  0.000000000000000000E+00 
  9.999999999999431566E-02 
  1.999999999999886313E-01 
  3.000000000000113687E-01 
  4.000000000000056843E-01 
  5.000000000000000000E-01 
  5.999999999999943157E-01 
  6.999999999999886313E-01 
  8.000000000000113687E-01 
  9.000000000000056843E-01 
  1.000000000000000000E+00 
  1.099999999999994316E+00 
  1.199999999999988631E+00 
  1.300000000000011369E+00 
  1.400000000000005684E+00 
  1.500000000000000000E+00 
  1.599999999999994316E+00 
  1.699999999999988631E+00 
  1.800000000000011369E+00 
  1.900000000000005684E+00 
  2.000000000000000000E+00 
  2.099999999999994316E+00 
  2.199999999999988631E+00 
  2.300000000000011369E+00 
  2.400000000000005684E+00 
  2.500000000000000000E+00 
  2.599999999999994316E+00 
  2.699999999999988631E+00 
  2.800000000000011369E+00 
  2.900000000000005684E+00 
  3.000000000000000000E+00 
  3.099999999999994316E+00 
  3.199999999999988631E+00 
  3.300000000000011369E+00 
  3.400000000000005684E+00 
  3.500000000000000000E+00 
  3.599999999999994316E+00 
  3.699999999999988631E+00 
  3.800000000000011369E+00 
  3.900000000000005684E+00 
  4.000000000000000000E+00 
  4.099999999999994316E+00 
  4.199999999999988631E+00 
  4.300000000000011369E+00 
  4.400000000000005684E+00 
  4.500000000000000000E+00 
  4.599999999999994316E+00 
  4.699999999999988631E+00 
  4.800000000000011369E+00 
  4.900000000000005684E+00 
  5.000000000000000000E+00 
  5.099999999999994316E+00 
  5.199999999999988631E+00 
  5.300000000000011369E+00 
  5.400000000000005684E+00 
  5.500000000000000000E+00 
  5.599999999999994316E+00 
  5.699999999999988631E+00 
  5.800000000000011369E+00 
  5.900000000000005684E+00 
  6.000000000000000000E+00 
  6.099999999999994316E+00 
  6.199999999999988631E+00 
  6.300000000000011369E+00 
  6.400000000000005684E+00 
  6.500000000000000000E+00 
  6.599999999999994316E+00 
  6.699999999999988631E+00 
  6.800000000000011369E+00 
  6.900000000000005684E+00 
  7.000000000000000000E+00 
  7.099999999999994316E+00 
  7.199999999999988631E+00 
  7.300000000000011369E+00 
  7.400000000000005684E+00 
  7.500000000000000000E+00 
  7.599999999999994316E+00 
  7.699999999999988631E+00 
  7.800000000000011369E+00 
  7.900000000000005684E+00 
  8.000000000000000000E+00 
  8.099999999999994316E+00 
  8.199999999999988631E+00 
  8.300000000000011369E+00 
  8.400000000000005684E+00 
  8.500000000000000000E+00 
  8.599999999999994316E+00 
  8.699999999999988631E+00 
  8.800000000000011369E+00 
  8.900000000000005684E+00 
  9.000000000000000000E+00 
  9.099999999999994316E+00 
  9.199999999999988631E+00 
  9.300000000000011369E+00 
  9.400000000000005684E+00 
  9.500000000000000000E+00 
  9.599999999999994316E+00 
  9.699999999999988631E+00 
  9.800000000000011369E+00 
  9.900000000000005684E+00 
  1.000000000000000000E+01 
  1.009999999999999432E+01 
  1.019999999999998863E+01 
  1.030000000000001137E+01 
  1.040000000000000568E+01 
  1.050000000000000000E+01 
  1.059999999999999432E+01 
  1.069999999999998863E+01 
  1.080000000000001137E+01 
  1.090000000000000568E+01 
  1.100000000000000000E+01 
  1.109999999999999432E+01 
  1.119999999999998863E+01 
  1.130000000000001137E+01 
  1.140000000000000568E+01 
  1.150000000000000000E+01 
  1.159999999999999432E+01 
  1.169999999999998863E+01 
  1.180000000000001137E+01 
  1.190000000000000568E+01 
  1.200000000000000000E+01 
  1.209999999999999432E+01 
  1.219999999999998863E+01 
  1.230000000000001137E+01 
  1.240000000000000568E+01 
  1.250000000000000000E+01 
  1.259999999999999432E+01 
  1.269999999999998863E+01 
  1.280000000000001137E+01 
  1.290000000000000568E+01 
  1.300000000000000000E+01 
  1.309999999999999432E+01 
  1.319999999999998863E+01 
  1.330000000000001137E+01 
  1.340000000000000568E+01 
  1.350000000000000000E+01 
  1.359999999999999432E+01 
  1.369999999999998863E+01 
  1.380000000000001137E+01 
  1.390000000000000568E+01 
  1.400000000000000000E+01 
  1.409999999999999432E+01 
  1.419999999999998863E+01 
  1.430000000000001137E+01 
  1.440000000000000568E+01 
  1.450000000000000000E+01 
  1.459999999999999432E+01 
  1.469999999999998863E+01 
  1.480000000000001137E+01 
  1.490000000000000568E+01 
  1.500000000000000000E+01 
  1.509999999999999432E+01 
  1.519999999999998863E+01 
  1.530000000000001137E+01 
  1.540000000000000568E+01 
  1.550000000000000000E+01 
  1.559999999999999432E+01 
  1.569999999999998863E+01 
  1.580000000000001137E+01 
  1.590000000000000568E+01 
  1.600000000000000000E+01 
  1.609999999999999432E+01 
  1.619999999999998863E+01 
  1.630000000000001137E+01 
  1.640000000000000568E+01 
  1.650000000000000000E+01 
  1.659999999999999432E+01 
  1.669999999999998863E+01 
  1.680000000000001137E+01 
  1.690000000000000568E+01 
  1.700000000000000000E+01 
  1.709999999999999432E+01 
  1.719999999999998863E+01 
  1.730000000000001137E+01 
  1.740000000000000568E+01 
  1.750000000000000000E+01 
  1.759999999999999432E+01 
  1.769999999999998863E+01 
  1.780000000000001137E+01 
  1.790000000000000568E+01 
  1.800000000000000000E+01 
  1.809999999999999432E+01 
  1.819999999999998863E+01 
  1.830000000000001137E+01 
  1.840000000000000568E+01 
  1.850000000000000000E+01 
  1.859999999999999432E+01 
  1.869999999999998863E+01 
  1.880000000000001137E+01 
  1.890000000000000568E+01 
  1.900000000000000000E+01 
  1.909999999999999432E+01 
  1.919999999999998863E+01 
  1.930000000000001137E+01 
  1.940000000000000568E+01 
  1.950000000000000000E+01 
  1.959999999999999432E+01 
  1.969999999999998863E+01 
  1.980000000000001137E+01 
  1.990000000000000568E+01 
  2.000000000000000000E+01 
  2.009999999999999432E+01 
  2.019999999999998863E+01 
  2.030000000000001137E+01 
  2.040000000000000568E+01 
  2.050000000000000000E+01 
  2.059999999999999432E+01 
  2.069999999999998863E+01 
  2.080000000000001137E+01 
  2.090000000000000568E+01 
  2.100000000000000000E+01 
  2.109999999999999432E+01 
  2.119999999999998863E+01 
  2.130000000000001137E+01 
  2.140000000000000568E+01 
  2.150000000000000000E+01 
  2.159999999999999432E+01 
  2.169999999999998863E+01 
  2.180000000000001137E+01 
  2.190000000000000568E+01 
  2.200000000000000000E+01 
  2.209999999999999432E+01 
  2.219999999999998863E+01 
  2.230000000000001137E+01 
  2.240000000000000568E+01 
  2.250000000000000000E+01 
  2.259999999999999432E+01 
  2.269999999999998863E+01 
  2.280000000000001137E+01 
  2.290000000000000568E+01 
  2.300000000000000000E+01 
  2.309999999999999432E+01 
  2.319999999999998863E+01 
  2.330000000000001137E+01 
  2.340000000000000568E+01 
  2.350000000000000000E+01 
  2.359999999999999432E+01 
  2.369999999999998863E+01 
  2.380000000000001137E+01 
  2.390000000000000568E+01 
  2.400000000000000000E+01 
  2.409999999999999432E+01 
  2.419999999999998863E+01 
  2.430000000000001137E+01 
  2.440000000000000568E+01 
  2.450000000000000000E+01 
  2.459999999999999432E+01 
  2.469999999999998863E+01 
  2.480000000000001137E+01 
  2.490000000000000568E+01 
  2.500000000000000000E+01 
  2.509999999999999432E+01 
  2.519999999999998863E+01 
  2.530000000000001137E+01 
  2.540000000000000568E+01 
  2.550000000000000000E+01 
  2.559999999999999432E+01 
  2.569999999999998863E+01 
  2.580000000000001137E+01 
  2.590000000000000568E+01 
  2.600000000000000000E+01 
  2.609999999999999432E+01 
  2.619999999999998863E+01 
  2.630000000000001137E+01 
  2.640000000000000568E+01 
  2.650000000000000000E+01 
  2.659999999999999432E+01 
  2.669999999999998863E+01 
  2.680000000000001137E+01 
  2.690000000000000568E+01 
  2.700000000000000000E+01 
  2.709999999999999432E+01 
  2.719999999999998863E+01 
  2.730000000000001137E+01 
  2.740000000000000568E+01 
  2.750000000000000000E+01 
  2.759999999999999432E+01 
  2.769999999999998863E+01 
  2.780000000000001137E+01 
  2.790000000000000568E+01 
  2.800000000000000000E+01 
  2.809999999999999432E+01 
  2.819999999999998863E+01 
  2.830000000000001137E+01 
  2.840000000000000568E+01 
  2.850000000000000000E+01 
  2.859999999999999432E+01 
  2.869999999999998863E+01 
  2.880000000000001137E+01 
  2.890000000000000568E+01 
  2.900000000000000000E+01 
  2.909999999999999432E+01 
  2.919999999999998863E+01 
  2.930000000000001137E+01 
  2.940000000000000568E+01 
  2.950000000000000000E+01 
  2.959999999999999432E+01 
  2.969999999999998863E+01 
  2.980000000000001137E+01 
  2.990000000000000568E+01 
  3.000000000000000000E+01 
  3.009999999999999432E+01 
  3.019999999999998863E+01 
  3.030000000000001137E+01 
  3.040000000000000568E+01 
  3.050000000000000000E+01 
  3.059999999999999432E+01 
  3.069999999999998863E+01 
  3.080000000000001137E+01 
  3.090000000000000568E+01 
  3.100000000000000000E+01 
  3.109999999999999432E+01 
  3.119999999999998863E+01 
  3.130000000000001137E+01 
  3.140000000000000568E+01 
  3.150000000000000000E+01 
  3.159999999999999432E+01 
  3.169999999999998863E+01 
  3.180000000000001137E+01 
  3.190000000000000568E+01 
  3.200000000000000000E+01 
  3.209999999999999432E+01 
  3.219999999999998863E+01 
  3.230000000000001137E+01 
  3.240000000000000568E+01 
  3.250000000000000000E+01 
  3.259999999999999432E+01 
  3.269999999999998863E+01 
  3.280000000000001137E+01 
  3.290000000000000568E+01 
  3.300000000000000000E+01 
  3.309999999999999432E+01 
  3.319999999999998863E+01 
  3.330000000000001137E+01 
  3.340000000000000568E+01 
  3.350000000000000000E+01 
  3.359999999999999432E+01 
  3.369999999999998863E+01 
  3.380000000000001137E+01 
  3.390000000000000568E+01 
  3.400000000000000000E+01 
  3.409999999999999432E+01 
  3.419999999999998863E+01 
  3.430000000000001137E+01 
  3.440000000000000568E+01 
  3.450000000000000000E+01 
  3.459999999999999432E+01 
  3.469999999999998863E+01 
  3.480000000000001137E+01 
  3.490000000000000568E+01 
  3.500000000000000000E+01 
  3.509999999999999432E+01 
  3.519999999999998863E+01 
  3.530000000000001137E+01 
  3.540000000000000568E+01 
  3.550000000000000000E+01 
  3.559999999999999432E+01 
  3.569999999999998863E+01 
  3.580000000000001137E+01 
  3.590000000000000568E+01 
  3.600000000000000000E+01 
  3.609999999999999432E+01 
  3.619999999999998863E+01 
  3.630000000000001137E+01 
  3.640000000000000568E+01 
  3.650000000000000000E+01 
  3.659999999999999432E+01 
  3.669999999999998863E+01 
  3.680000000000001137E+01 
  3.690000000000000568E+01 
  3.700000000000000000E+01 
  3.709999999999999432E+01 
  3.719999999999998863E+01 
  3.730000000000001137E+01 
  3.740000000000000568E+01 
  3.750000000000000000E+01 
  3.759999999999999432E+01 
  3.769999999999998863E+01 
  3.780000000000001137E+01 
  3.790000000000000568E+01 
  3.800000000000000000E+01 
  3.809999999999999432E+01 
  3.819999999999998863E+01 
  3.830000000000001137E+01 
  3.840000000000000568E+01 
  3.850000000000000000E+01 
  3.859999999999999432E+01 
  3.869999999999998863E+01 
  3.880000000000001137E+01 
  3.890000000000000568E+01 
  3.900000000000000000E+01 
  3.909999999999999432E+01 
  3.919999999999998863E+01 
  3.930000000000001137E+01 
  3.940000000000000568E+01 
  3.950000000000000000E+01 
  3.959999999999999432E+01 
  3.969999999999998863E+01 
  3.980000000000001137E+01 
  3.990000000000000568E+01 
  4.000000000000000000E+01 
  4.009999999999999432E+01 
  4.019999999999998863E+01 
  4.030000000000001137E+01 
  4.040000000000000568E+01 
  4.050000000000000000E+01 
  4.059999999999999432E+01 
  4.069999999999998863E+01 
  4.080000000000001137E+01 
  4.090000000000000568E+01 
  4.100000000000000000E+01 
  4.109999999999999432E+01 
  4.119999999999998863E+01 
  4.130000000000001137E+01 
  4.140000000000000568E+01 
  4.150000000000000000E+01 
  4.159999999999999432E+01 
  4.169999999999998863E+01 
  4.180000000000001137E+01 
  4.190000000000000568E+01 
  4.200000000000000000E+01 
  4.209999999999999432E+01 
  4.219999999999998863E+01 
  4.230000000000001137E+01 
  4.240000000000000568E+01 
  4.250000000000000000E+01 
  4.259999999999999432E+01 
  4.269999999999998863E+01 
  4.280000000000001137E+01 
  4.290000000000000568E+01 
  4.300000000000000000E+01 
  4.309999999999999432E+01 
  4.319999999999998863E+01 
  4.330000000000001137E+01 
  4.340000000000000568E+01 
  4.350000000000000000E+01 
  4.359999999999999432E+01 
  4.369999999999998863E+01 
  4.380000000000001137E+01 
  4.390000000000000568E+01 
  4.400000000000000000E+01 
  4.409999999999999432E+01 
  4.419999999999998863E+01 
  4.430000000000001137E+01 
  4.440000000000000568E+01 
  4.450000000000000000E+01 
  4.459999999999999432E+01 
  4.469999999999998863E+01 
  4.480000000000001137E+01 
  4.490000000000000568E+01 
  4.500000000000000000E+01 
  4.509999999999999432E+01 
  4.519999999999998863E+01 
  4.530000000000001137E+01 
  4.540000000000000568E+01 
  4.550000000000000000E+01 
  4.559999999999999432E+01 
  4.569999999999998863E+01 
  4.580000000000001137E+01 
  4.590000000000000568E+01 
  4.600000000000000000E+01 
  4.609999999999999432E+01 
  4.619999999999998863E+01 
  4.630000000000001137E+01 
  4.640000000000000568E+01 
  4.650000000000000000E+01 
  4.659999999999999432E+01 
  4.669999999999998863E+01 
  4.680000000000001137E+01 
  4.690000000000000568E+01 
  4.700000000000000000E+01 
  4.709999999999999432E+01 
  4.719999999999998863E+01 
  4.730000000000001137E+01 
  4.740000000000000568E+01 
  4.750000000000000000E+01 
  4.759999999999999432E+01 
  4.769999999999998863E+01 
  4.780000000000001137E+01 
  4.790000000000000568E+01 
  4.800000000000000000E+01 
  4.809999999999999432E+01 
  4.819999999999998863E+01 
  4.830000000000001137E+01 
  4.840000000000000568E+01 
  4.850000000000000000E+01 
  4.859999999999999432E+01 
  4.869999999999998863E+01 
  4.880000000000001137E+01 
  4.890000000000000568E+01 
  4.900000000000000000E+01 
  4.909999999999999432E+01 
  4.919999999999998863E+01 
  4.930000000000001137E+01 
  4.940000000000000568E+01 
  4.950000000000000000E+01 
  4.959999999999999432E+01 
  4.969999999999998863E+01 
  4.980000000000001137E+01 
  4.990000000000000568E+01 
  5.000000000000000000E+01 
  5.009999999999999432E+01 
  5.019999999999998863E+01 
  5.030000000000001137E+01 
  5.040000000000000568E+01 
  5.050000000000000000E+01 
  5.059999999999999432E+01 
  5.069999999999998863E+01 
  5.080000000000001137E+01 
  5.090000000000000568E+01 
  5.100000000000000000E+01 
  5.109999999999999432E+01 
  5.119999999999998863E+01 
  5.130000000000001137E+01 
  5.140000000000000568E+01 
  5.150000000000000000E+01 
  5.159999999999999432E+01 
  5.169999999999998863E+01 
  5.180000000000001137E+01 
  5.190000000000000568E+01 
  5.200000000000000000E+01 
  5.209999999999999432E+01 
  5.219999999999998863E+01 
  5.230000000000001137E+01 
  5.240000000000000568E+01 
  5.250000000000000000E+01 
  5.259999999999999432E+01 
  5.269999999999998863E+01 
  5.280000000000001137E+01 
  5.290000000000000568E+01 
  5.300000000000000000E+01 
  5.309999999999999432E+01 
  5.319999999999998863E+01 
  5.330000000000001137E+01 
  5.340000000000000568E+01 
  5.350000000000000000E+01 
  5.359999999999999432E+01 
  5.369999999999998863E+01 
  5.380000000000001137E+01 
  5.390000000000000568E+01 
  5.400000000000000000E+01 
  5.409999999999999432E+01 
  5.419999999999998863E+01 
  5.430000000000001137E+01 
  5.440000000000000568E+01 
  5.450000000000000000E+01 
  5.459999999999999432E+01 
  5.469999999999998863E+01 
  5.480000000000001137E+01 
  5.490000000000003411E+01 
  5.500000000000002842E+01 
  5.510000000000002274E+01 
  5.520000000000004547E+01 
  5.530000000000003979E+01 
  5.540000000000003411E+01 
  5.550000000000002842E+01 
  5.560000000000002274E+01 
  5.570000000000004547E+01 
  5.580000000000003979E+01 
  5.590000000000003411E+01 
  5.600000000000002842E+01 
  5.610000000000002274E+01 
  5.620000000000004547E+01 
  5.630000000000003979E+01 
  5.640000000000003411E+01 
  5.650000000000002842E+01 
  5.660000000000002274E+01 
  5.670000000000004547E+01 
  5.680000000000003979E+01 
  5.690000000000003411E+01 
  5.700000000000002842E+01 
  5.710000000000002274E+01 
  5.720000000000004547E+01 
  5.730000000000003979E+01 
  5.740000000000003411E+01 
  5.750000000000002842E+01 
  5.760000000000002274E+01 
  5.770000000000004547E+01 
  5.780000000000003979E+01 
  5.790000000000003411E+01 
  5.800000000000002842E+01 
  5.810000000000002274E+01 
  5.820000000000004547E+01 
  5.830000000000003979E+01 
  5.840000000000003411E+01 
  5.850000000000002842E+01 
  5.860000000000002274E+01 
  5.870000000000004547E+01 
  5.880000000000003979E+01 
  5.890000000000003411E+01 
  5.900000000000002842E+01 
  5.910000000000002274E+01 
  5.920000000000004547E+01 
  5.930000000000003979E+01 
  5.940000000000003411E+01 
  5.950000000000002842E+01 
  5.960000000000002274E+01 
  5.970000000000004547E+01 
  5.980000000000003979E+01 
  5.990000000000003411E+01 
  6.000000000000002842E+01 
  6.010000000000002274E+01 
  6.020000000000004547E+01 
  6.030000000000003979E+01 
  6.040000000000003411E+01 
  6.050000000000002842E+01 
  6.060000000000002274E+01 
  6.070000000000004547E+01 
  6.080000000000003979E+01 
  6.090000000000003411E+01 
  6.100000000000002842E+01 
  6.110000000000002274E+01 
  6.120000000000004547E+01 
  6.130000000000003979E+01 
  6.140000000000003411E+01 
  6.150000000000002842E+01 
  6.160000000000002274E+01 
  6.170000000000004547E+01 
  6.180000000000003979E+01 
  6.190000000000003411E+01 
  6.200000000000002842E+01 
  6.210000000000002274E+01 
  6.220000000000004547E+01 
  6.230000000000003979E+01 
  6.240000000000003411E+01 
  6.250000000000002842E+01 
  6.260000000000002274E+01 
  6.270000000000004547E+01 
  6.280000000000003979E+01 
  6.290000000000003411E+01 
  6.300000000000002842E+01 
  6.310000000000002274E+01 
  6.320000000000004547E+01 
  6.330000000000003979E+01 
  6.340000000000003411E+01 
  6.350000000000002842E+01 
  6.360000000000002274E+01 
  6.370000000000004547E+01 
  6.380000000000003979E+01 
  6.390000000000003411E+01 
  6.400000000000002842E+01 
  6.410000000000002274E+01 
  6.420000000000004547E+01 
  6.430000000000003979E+01 
  6.440000000000003411E+01 
  6.450000000000002842E+01 
  6.460000000000002274E+01 
  6.470000000000004547E+01 
  6.480000000000003979E+01 
  6.490000000000003411E+01 
  6.500000000000002842E+01 
  6.510000000000002274E+01 
  6.520000000000004547E+01 
  6.530000000000003979E+01 
  6.540000000000003411E+01 
  6.550000000000002842E+01 
  6.560000000000002274E+01 
  6.570000000000004547E+01 
  6.580000000000003979E+01 
  6.590000000000003411E+01 
  6.600000000000002842E+01 
  6.610000000000002274E+01 
  6.620000000000004547E+01 
  6.630000000000003979E+01 
  6.640000000000003411E+01 
  6.650000000000002842E+01 
  6.660000000000002274E+01 
  6.670000000000004547E+01 
  6.680000000000003979E+01 
  6.690000000000003411E+01 
  6.700000000000002842E+01 
  6.710000000000002274E+01 
  6.720000000000004547E+01 
  6.730000000000003979E+01 
  6.740000000000003411E+01 
  6.750000000000002842E+01 
  6.760000000000002274E+01 
  6.770000000000004547E+01 
  6.780000000000003979E+01 
  6.790000000000003411E+01 
  6.800000000000002842E+01 
  6.810000000000002274E+01 
  6.820000000000004547E+01 
  6.830000000000003979E+01 
  6.840000000000003411E+01 
  6.850000000000002842E+01 
  6.860000000000002274E+01 
  6.870000000000004547E+01 
  6.880000000000003979E+01 
  6.890000000000003411E+01 
  6.900000000000002842E+01 
  6.910000000000002274E+01 
  6.920000000000004547E+01 
  6.930000000000003979E+01 
  6.940000000000003411E+01 
  6.950000000000002842E+01 
  6.960000000000002274E+01 
  6.970000000000004547E+01 
  6.980000000000003979E+01 
  6.990000000000003411E+01 
  7.000000000000002842E+01 
  7.010000000000002274E+01 
  7.020000000000004547E+01 
  7.030000000000003979E+01 
  7.040000000000003411E+01 
  7.050000000000002842E+01 
  7.060000000000002274E+01 
  7.070000000000004547E+01 
  7.080000000000003979E+01 
  7.090000000000003411E+01 
  7.100000000000002842E+01 
  7.110000000000002274E+01 
  7.120000000000004547E+01 
  7.130000000000003979E+01 
  7.140000000000003411E+01 
  7.150000000000002842E+01 
  7.160000000000002274E+01 
  7.170000000000004547E+01 
  7.180000000000003979E+01 
  7.190000000000003411E+01 
  7.200000000000002842E+01 
  7.210000000000002274E+01 
  7.220000000000004547E+01 
  7.230000000000003979E+01 
  7.240000000000003411E+01 
  7.250000000000002842E+01 
  7.260000000000002274E+01 
  7.270000000000004547E+01 
  7.280000000000003979E+01 
  7.290000000000003411E+01 
  7.300000000000002842E+01 
  7.310000000000002274E+01 
  7.320000000000004547E+01 
  7.330000000000003979E+01 
  7.340000000000003411E+01 
  7.350000000000002842E+01 
  7.360000000000002274E+01 
  7.370000000000004547E+01 
  7.380000000000003979E+01 
  7.390000000000003411E+01 
  7.400000000000002842E+01 
  7.410000000000002274E+01 
  7.420000000000004547E+01 
  7.430000000000003979E+01 
  7.440000000000003411E+01 
  7.450000000000002842E+01 
  7.460000000000002274E+01 
  7.470000000000004547E+01 
  7.480000000000003979E+01 
  7.490000000000003411E+01 
  7.500000000000002842E+01 
