   751 
  4.362010120044073958E+00 
  4.527475124011472118E+00 
  4.685304732351606383E+00 
  4.834283326491318533E+00 
  4.973195287857451241E+00 
  5.100824997876834743E+00 
  5.372741669837425960E+00 
  5.614458443477264638E+00 
  5.821289154001107136E+00 
  5.990892678793133364E+00 
  6.122303878999855620E+00 
  6.215383680388743670E+00 
  6.270819073348244288E+00 
  6.290123112887772372E+00 
  6.275634918637706505E+00 
  6.230519674849418266E+00 
  6.158768630395236698E+00 
  6.065199098768468744E+00 
  5.955278148585982478E+00 
  5.832953870906185223E+00 
  5.701624437646150234E+00 
  5.564688020722948991E+00 
  5.425542792053650309E+00 
  5.287586923555326557E+00 
  5.154218587145050989E+00 
  5.028835954739891534E+00 
  4.914837198256918782E+00 
  4.815858234323596498E+00 
  4.737897128856479512E+00 
  4.686359032314743267E+00 
  4.665129175360222646E+00 
  4.676572868857426180E+00 
  4.721535503873544037E+00 
  4.799342551678430269E+00 
  4.907799563744625004E+00 
  5.043192171747321595E+00 
  5.200286087564396809E+00 
  5.372089358566002559E+00 
  5.547727963035873344E+00 
  5.715400874917803797E+00 
  5.850910126927658439E+00 
  5.926202622299794776E+00 
  5.926037981888196526E+00 
  5.847988544166476288E+00 
  5.702439365227855994E+00 
  5.512588218785226424E+00 
  5.305380408852181873E+00 
  5.091886617650940750E+00 
  4.882326689743220705E+00 
  4.686943650726250965E+00 
  4.528400648460698008E+00 
  4.433239141324248678E+00 
  4.415211051110473406E+00 
  4.475278763028827100E+00 
  4.601615125704663356E+00 
  4.769603451179184717E+00 
  4.950902702228395569E+00 
  5.133069644455188651E+00 
  5.304565104504213480E+00 
  5.457645239470338083E+00 
  5.588073381625234148E+00 
  5.692854187138553179E+00 
  5.770233636077925610E+00 
  5.819699032408963468E+00 
  5.841979003995254160E+00 
  5.839043502598382673E+00 
  5.814103803877908483E+00 
  5.771612507391369995E+00 
  5.717233494248548098E+00 
  5.654076639006977878E+00 
  5.582985964945389235E+00 
  5.504805495342504962E+00 
  5.420379253477052295E+00 
  5.330551262627755804E+00 
  5.236165546073340060E+00 
  5.138066127092534074E+00 
  5.037097028964060641E+00 
  4.934102274966645219E+00 
  4.829925888379014154E+00 
  4.725411892479892906E+00 
  4.621404310548007821E+00 
  4.518747165862083470E+00 
  4.418284481700845312E+00 
  4.320860281343018805E+00 
  4.227318588067331184E+00 
  4.138503425152505244E+00 
  4.055258815877268219E+00 
  3.978428783520345569E+00 
  3.908857351360461418E+00 
  3.847388542676345224E+00 
  3.795032021701662650E+00 
  3.770112666636857401E+00 
  3.794805435727904630E+00 
  3.880225359700681054E+00 
  4.026427541760982720E+00 
  4.222407157594465055E+00 
  4.446099455366709030E+00 
  4.674627676690003675E+00 
  4.904745401415430806E+00 
  5.134219230922918875E+00 
  5.360639587082824953E+00 
  5.564271139244103104E+00 
  5.721517938155546545E+00 
  5.819833423531418859E+00 
  5.857720424051437114E+00 
  5.844731157360823381E+00 
  5.801467230070253223E+00 
  5.749331716789059854E+00 
  5.690086815333159187E+00 
  5.624471163434985321E+00 
  5.553223398826979462E+00 
  5.477082159241577486E+00 
  5.396786082411215268E+00 
  5.313073806068331351E+00 
  5.226683967945360720E+00 
  5.138355205774743695E+00 
  5.048826157288916150E+00 
  4.958835460220314850E+00 
  4.869121752301377448E+00 
  4.780423671264542484E+00 
  4.693479854842245835E+00 
  4.609028940766923377E+00 
  4.527809566771014538E+00 
  4.450560370586954306E+00 
  4.378019989947183888E+00 
  4.310927062584136493E+00 
  4.250020226230250664E+00 
  4.196038118617964940E+00 
  4.149719377479712534E+00 
  4.128581051118510814E+00 
  4.158643550022816271E+00 
  4.253514712103420692E+00 
  4.414389802693451159E+00 
  4.630051514548364722E+00 
  4.876869967845958165E+00 
  5.126660636413104655E+00 
  5.368309493238866636E+00 
  5.593457360232237718E+00 
  5.795265612537061628E+00 
  5.951637767961456049E+00 
  6.033494535362962097E+00 
  6.025689749411634821E+00 
  5.927010370590048538E+00 
  5.750176485193298603E+00 
  5.521841305328997862E+00 
  5.274733242690542667E+00 
  5.026030763043989325E+00 
  4.791766887818988074E+00 
  4.596319736049187199E+00 
  4.462088116270100713E+00 
  4.400862432693333659E+00 
  4.413824685206638954E+00 
  4.491548469373901398E+00 
  4.613998976435136790E+00 
  4.760403356082477444E+00 
  4.921887730214097090E+00 
  5.088642647685904130E+00 
  5.249562104057033274E+00 
  5.383987295334518919E+00 
  5.472031026075431015E+00 
  5.503206803212632003E+00 
  5.476428836054739513E+00 
  5.400012036286139683E+00 
  5.291672017966978281E+00 
  5.168654734757187619E+00 
  5.035099466162543003E+00 
  4.894873362782992565E+00 
  4.751843575218479998E+00 
  4.609877254068953434E+00 
  4.472841549934360117E+00 
  4.344603613414642851E+00 
  4.229030595109749768E+00 
  4.130414487029243631E+00 
  4.053800798050256837E+00 
  4.003336270486579807E+00 
  3.982175972886517368E+00 
  3.992483300032901639E+00 
  4.035429972943093802E+00 
  4.111196038868976999E+00 
  4.218969871296971874E+00 
  4.356948169948001492E+00 
  4.522335960777527752E+00 
  4.710921754565918995E+00 
  4.916748871460497661E+00 
  5.133767724406465227E+00 
  5.355928726349014291E+00 
  5.577182290233342776E+00 
  5.791478829004647721E+00 
  5.992768755608127940E+00 
  6.175002482988974251E+00 
  6.332480602706887396E+00 
  6.461323843448520066E+00 
  6.558676616252296476E+00 
  6.622575161689496781E+00 
  6.651947549864267728E+00 
  6.646613680413634206E+00 
  6.607285282507480595E+00 
  6.535565914848556091E+00 
  6.433950965672474709E+00 
  6.305827652747713508E+00 
  6.155124844761128422E+00 
  5.984843102805474935E+00 
  5.797851135154609814E+00 
  5.597017650082388052E+00 
  5.385211355862663751E+00 
  5.165300960769295457E+00 
  4.940155173076140827E+00 
  4.712642701057054850E+00 
  4.485632252985892521E+00 
  4.261992537136512382E+00 
  4.044592261782769427E+00 
  3.836300135198519090E+00 
  3.639984865657618140E+00 
  3.458515161433923790E+00 
  3.294759730801295916E+00 
  3.151587282033585069E+00 
  3.031710709259592740E+00 
  2.937180656575605120E+00 
  2.869484940169200193E+00 
  2.829560118736501817E+00 
  2.817791493482158849E+00 
  2.834013108119366020E+00 
  2.877507748869857718E+00 
  2.947006944463907097E+00 
  3.040690966140334073E+00 
  3.156188827646481787E+00 
  3.290734099383297639E+00 
  3.441671344292779544E+00 
  3.606356695734176387E+00 
  3.782146287066737500E+00 
  3.966396251649707771E+00 
  4.156462722842332980E+00 
  4.349701834003863787E+00 
  4.543469718493544640E+00 
  4.735122509670622648E+00 
  4.922016340894344033E+00 
  5.101507345523958570E+00 
  5.270951656918713368E+00 
  5.427705408437854651E+00 
  5.569124733440625974E+00 
  5.692565765286278001E+00 
  5.793325274631944133E+00 
  5.864147832722801823E+00 
  5.899504008194347726E+00 
  5.895661237730061899E+00 
  5.850683826061429116E+00 
  5.764432945967916666E+00 
  5.638566638276978793E+00 
  5.476539811864057583E+00 
  5.283604243652581189E+00 
  5.066808578613978931E+00 
  4.837057692469777237E+00 
  4.609605528401446328E+00 
  4.400689488408557004E+00 
  4.230422257947677345E+00 
  4.112523866186208465E+00 
  4.052546649159967096E+00 
  4.047875249773174922E+00 
  4.087726617798457696E+00 
  4.153817121330331652E+00 
  4.227218694460288972E+00 
  4.290499753976979136E+00 
  4.327449264624690706E+00 
  4.322164150942909622E+00 
  4.256086601969760075E+00 
  4.118272010988178522E+00 
  3.907164012368318229E+00 
  3.630594481567562148E+00 
  3.305783535130524253E+00 
  2.958672419235568007E+00 
  2.617067362019714238E+00 
  2.303601224201545783E+00 
  2.031856436606194194E+00 
  1.812175956554904488E+00 
  1.651718422799251851E+00 
  1.554458155521090790E+00 
  1.521185156332603317E+00 
  1.549505108276284959E+00 
  1.633839375824942319E+00 
  1.765425004881709059E+00 
  1.932314722780001492E+00 
  2.124274370960478997E+00 
  2.336935902187568637E+00 
  2.565986424159890866E+00 
  2.807113044576073690E+00 
  3.056002871134735344E+00 
  3.308343011534498945E+00 
  3.559820573473986283E+00 
  3.806122664651822252E+00 
  4.042936392766625531E+00 
  4.265948865517019684E+00 
  4.470847190601629606E+00 
  4.653318475719077973E+00 
  4.808955658536524069E+00 
  4.933318311000244094E+00 
  5.023230507554153235E+00 
  5.076934067889903091E+00 
  5.335354790661815727E+00 
  6.168675230476674543E+00 
  7.472175836773611302E+00 
  9.161074584765319884E+00 
  1.116699109462990336E+01 
  1.343505169715355052E+01 
  1.592161343197562040E+01 
  1.859226271074654591E+01 
  2.141892867524819977E+01 
  2.437842917678806387E+01 
  2.721013955565068798E+01 
  2.952854792663564609E+01 
  3.142670015815437523E+01 
  3.298077576412237022E+01 
  3.425314525533668331E+01 
  3.529487328707203631E+01 
  3.614776806299717293E+01 
  3.684605924518660913E+01 
  3.741777171064828877E+01 
  3.788585028803980492E+01 
  3.826908061420723328E+01 
  3.858284306775261996E+01 
  3.883973003763141207E+01 
  3.905005129993620017E+01 
  3.922224778541131229E+01 
  3.936323034364174589E+01 
  3.947865709971259918E+01 
  3.957316053463583927E+01 
  3.965053340307899532E+01 
  3.971388094992727247E+01 
  3.976574553466399209E+01 
  3.980820866518357803E+01 
  3.984297453601190853E+01 
  3.987143842361661683E+01 
  3.989474268375074928E+01 
  3.991382259820028366E+01 
  3.992944391092621004E+01 
  3.994223356005837644E+01 
  3.995270483912396742E+01 
  3.996127799731901575E+01 
  3.996829710558431259E+01 
  3.997404386538029541E+01 
  3.997874891435581901E+01 
  3.998260108264680923E+01 
  3.998575497129267831E+01 
  3.998833715691883839E+01 
  3.999045127170113290E+01 
  3.999218216248893043E+01 
  3.999359929600711894E+01 
  3.999475954679967771E+01 
  3.999570947980483027E+01 
  3.999648721916950933E+01 
  3.999712397830526101E+01 
  3.999764531259199885E+01 
  3.999807214500518882E+01 
  3.999842160582826978E+01 
  3.999870772015113118E+01 
  3.999894197074613800E+01 
  3.999913375891220824E+01 
  3.999929078178185193E+01 
  3.999941934123415166E+01 
  3.999952459681135508E+01 
  3.999961077278934596E+01 
  3.999968132771270035E+01 
  3.999973909319824372E+01 
  3.999978638757771421E+01 
  3.999982510894063381E+01 
  3.999985681131126114E+01 
  3.999988276701704137E+01 
  3.999990401775157522E+01 
  3.999992141638146137E+01 
  3.999993566117481691E+01 
  3.999994732382521079E+01 
  3.999995687239574238E+01 
  3.999996469010408617E+01 
  3.999997109070233137E+01 
  3.999997633106894313E+01 
  3.999998062151824740E+01 
  3.999998413424104626E+01 
  3.999998701021522862E+01 
  3.999998936486372969E+01 
  3.999999129268687170E+01 
  3.999999287105497103E+01 
  3.999999416331346680E+01 
  3.999999522132523566E+01 
  3.999999608755201308E+01 
  3.999999679675850928E+01 
  3.999999737740768779E+01 
  3.999999785280301978E+01 
  3.999999824202379983E+01 
  3.999999856069082682E+01 
  3.999999882159331577E+01 
  3.999999903520220812E+01 
  3.999999921009037962E+01 
  3.999999935327669931E+01 
  3.999999947050774551E+01 
  3.999999956648840538E+01 
  3.999999964507073003E+01 
  3.999999970940848470E+01 
  3.999999976208378882E+01 
  3.999999980521069176E+01 
  3.999999984051999746E+01 
  3.999999986942881236E+01 
  3.999999989309735327E+01 
  3.999999991247552344E+01 
  3.999999992834101192E+01 
  3.999999994133058578E+01 
  3.999999995196554892E+01 
  3.999999996067271724E+01 
  3.999999996780154277E+01 
  3.999999997363813975E+01 
  3.999999997841673149E+01 
  3.999999998232911480E+01 
  3.999999998553230540E+01 
  3.999999998815484759E+01 
  3.999999999030201536E+01 
  3.999999999205995493E+01 
  3.999999999349923741E+01 
  3.999999999467762279E+01 
  3.999999999564240483E+01 
  3.999999999643230097E+01 
  3.999999999707902276E+01 
  3.999999999760850500E+01 
  3.999999999804200712E+01 
  3.999999999839693743E+01 
  3.999999999868752099E+01 
  3.999999999892543201E+01 
  3.999999999912022020E+01 
  3.999999999927969441E+01 
  3.999999999941026374E+01 
  3.999999999951716489E+01 
  3.999999999960468955E+01 
  3.999999999967634778E+01 
  3.999999999973501019E+01 
  3.999999999978304288E+01 
  3.999999999982237853E+01 
  3.999999999985457322E+01 
  3.999999999988093435E+01 
  3.999999999990252064E+01 
  3.999999999992018473E+01 
  3.999999999993465849E+01 
  3.999999999994649613E+01 
  3.999999999995619504E+01 
  3.999999999996414601E+01 
  3.999999999997063327E+01 
  3.999999999997596944E+01 
  3.999999999998031797E+01 
  3.999999999998389200E+01 
  3.999999999998681233E+01 
  3.661181457223730007E+01 
  3.322987412162511589E+01 
  2.985482165671681898E+01 
  2.648671563283667041E+01 
  2.312502995206674683E+01 
  1.976865396324685165E+01 
  1.641589246197456475E+01 
  1.306446569060521767E+01 
  9.709676991187171424E+00 
  6.345445938828763843E+00 
  6.354842683198429931E+00 
  6.339286688131258174E+00 
  6.294949960593720917E+00 
  6.219554207602719487E+00 
  6.112370836225603732E+00 
  5.974220953580150706E+00 
  5.807475366834569996E+00 
  5.616054583207505502E+00 
  5.407261157032769106E+00 
  5.190746556392404898E+00 
  4.976162249368448975E+00 
  4.773159704042937435E+00 
  4.591487813294785170E+00 
  4.440893923330248683E+00 
  4.328746945900013188E+00 
  4.259652345681844920E+00 
  4.235452140280601796E+00 
  4.255224900228220086E+00 
  4.315285748983735736E+00 
  4.409186362933242620E+00 
  4.527714971389929843E+00 
  4.658896356594070198E+00 
  4.787528267540876570E+00 
  4.896672873011517879E+00 
  4.972261575878720308E+00 
  5.003524904983168042E+00 
  4.982992515133519262E+00 
  4.906493187106397258E+00 
  4.773154827646382437E+00 
  4.585404469466054067E+00 
  4.348968271245944983E+00 
  4.072871517634555794E+00 
  3.769804780623623230E+00 
  3.454731437986636511E+00 
  3.142659746756163663E+00 
  2.848597963964768720E+00 
  2.585884816114273566E+00 
  2.360301730992439229E+00 
  2.175305680833092836E+00 
  2.032727841310383532E+00 
  1.932773591538819558E+00 
  1.874022514073256485E+00 
  1.853428394908895882E+00 
  1.866319223481294642E+00 
  1.906397192666337670E+00 
  1.965738698780268523E+00 
  2.036463872110418016E+00 
  2.116624345098524262E+00 
  2.204970409180620816E+00 
  2.300252355792738346E+00 
  2.401220476370908408E+00 
  2.506625062351163891E+00 
  2.615216405169537683E+00 
  2.725744796262062231E+00 
  2.836960527064768645E+00 
  2.947613889013688926E+00 
  3.056455173544855963E+00 
  3.162234672094302645E+00 
  3.263702676098060529E+00 
  3.359609476992160726E+00 
  3.448705366212637013E+00 
  3.529740635195522280E+00 
  3.601465575376848083E+00 
  3.661721908823923677E+00 
  3.695675292382337496E+00 
  3.688954114107647175E+00 
  3.633077201251656341E+00 
  3.525453820262410609E+00 
  3.369383676784192261E+00 
  3.174056915657556210E+00 
  2.954554120919285154E+00 
  2.729276798907569024E+00 
  2.504834607058810114E+00 
  2.286277883949897394E+00 
  2.091182974631720093E+00 
  1.936513434197467021E+00 
  1.833192319796355774E+00 
  1.786102190633633402E+00 
  1.794085107970589732E+00 
  1.849942635124511625E+00 
  1.940435837468729829E+00 
  2.048854799327444631E+00 
  2.170131395178916289E+00 
  2.301515328981916131E+00 
  2.440256304695209710E+00 
  2.583604026277565247E+00 
  2.728808197687751846E+00 
  2.873118522884539505E+00 
  3.013784705826694221E+00 
  3.148056450472987322E+00 
  3.273183460782185250E+00 
  3.386415440713057112E+00 
  3.484868247851537149E+00 
  3.559031888328623161E+00 
  3.598449682031774621E+00 
  3.596475013659045317E+00 
  3.550271332719083350E+00 
  3.460812153531128477E+00 
  3.332881055225032974E+00 
  3.175071681741242546E+00 
  2.999787741830798105E+00 
  2.820290533472793015E+00 
  2.641946957981180066E+00 
  2.476097172492314868E+00 
  2.335156298150958598E+00 
  2.227857669056136025E+00 
  2.159252832261133737E+00 
  2.130711547773509018E+00 
  2.139921788555060100E+00 
  2.180889740521858577E+00 
  2.243939802544236528E+00 
  2.318667062029335479E+00 
  2.402823127187132535E+00 
  2.494940479624986551E+00 
  2.593551600950260827E+00 
  2.697188972770318216E+00 
  2.804385076692520684E+00 
  2.913672394324231973E+00 
  3.023583407272813162E+00 
  3.132650597145627103E+00 
  3.239406445550037095E+00 
  3.342383434093404215E+00 
  3.440114044383091318E+00 
  3.531130758026461258E+00 
  3.613966056630876444E+00 
  3.687152421803701063E+00 
  3.747321275565022258E+00 
  3.781380945891818612E+00 
  3.778640374512919120E+00 
  3.732897205771861682E+00 
  3.642437786626904206E+00 
  3.510037166651021501E+00 
  3.342959098031892839E+00 
  3.152956035571939708E+00 
  2.955553629740966581E+00 
  2.758197782811686594E+00 
  2.566657514923349481E+00 
  2.396371603114968440E+00 
  2.260324873530357159E+00 
  2.166960112555270435E+00 
  2.120178066817393070E+00 
  2.119337443186347425E+00 
  2.159254908773699633E+00 
  2.230205090932924961E+00 
  2.318636084206767922E+00 
  2.419022394191713499E+00 
  2.529363131061636683E+00 
  2.647657404990412466E+00 
  2.771904326151912290E+00 
  2.900103004720010258E+00 
  3.030252550868580919E+00 
  3.160352074771497932E+00 
  3.288400686602634071E+00 
  3.412397496535864327E+00 
  3.530341614745061918E+00 
  3.640232151404101835E+00 
  3.740068216686856406E+00 
  3.827848920767197960E+00 
  3.896452911312544565E+00 
  3.929246565360549059E+00 
  3.914852206858658867E+00 
  3.847778361544585746E+00 
  3.728419756946294683E+00 
  3.563057322382048309E+00 
  3.363858188960360707E+00 
  3.148875689580012516E+00 
  2.938006301006923060E+00 
  2.746278543989618903E+00 
  2.589660953746522942E+00 
  2.489453888089280476E+00 
  2.457521309883193616E+00 
  2.495660532166754653E+00 
  2.595602218151654927E+00 
  2.739043993891474127E+00 
  2.902995222835594635E+00 
  3.063178070473789649E+00 
  3.196293221027245668E+00 
  3.286730977333090387E+00 
  3.325883752863576515E+00 
  3.312146071726047580E+00 
  3.250914568662945925E+00 
  3.154587989051814478E+00 
  3.040562052018720429E+00 
  2.927275319906712969E+00 
  2.830461414138600418E+00 
  2.759794335734734538E+00 
  2.720665806545114584E+00 
  2.714185269249394850E+00 
  2.737179887356856689E+00 
  2.782194535279826297E+00 
  2.838091155150885392E+00 
  2.892237059054594717E+00 
  2.933007830382450720E+00 
  2.953707841695716763E+00 
  2.950973264308755617E+00 
  2.924725683126650377E+00 
  2.878172096645204459E+00 
  2.817804916950939820E+00 
  2.751192460054221023E+00 
  2.685744028109578352E+00 
  2.629702598412221981E+00 
  2.589956521166323800E+00 
  2.571541755016635289E+00 
  2.577641867048467539E+00 
  2.609588032787709455E+00 
  2.666859036200821542E+00 
  2.747081269694838124E+00 
  2.846028734117370451E+00 
  2.959832548423475096E+00 
  3.086215877381952133E+00 
  3.222901885761603857E+00 
  3.367613738331232121E+00 
  3.518074599859637885E+00 
  3.672007635115620339E+00 
  3.827136008867981332E+00 
  3.981182885885523604E+00 
  4.131871430937046341E+00 
  4.276924808791349619E+00 
  4.414066184217235289E+00 
  4.541018721983505202E+00 
  4.655505586858960321E+00 
  4.755249943612402497E+00 
  4.837536505715073432E+00 
  4.899575251002742604E+00 
  4.939296118670023716E+00 
  4.955350524432124537E+00 
  4.947111360524845125E+00 
  4.914672995704579606E+00 
  4.858851275248328605E+00 
  4.781183520953680599E+00 
  4.683928531138819906E+00 
  4.570066580642524912E+00 
  4.443737872121720223E+00 
  4.309878820389418941E+00 
  4.173427355420372464E+00 
  4.039321407189336632E+00 
  3.912498905671063731E+00 
  3.797897780840313153E+00 
  3.700432880981041617E+00 
  3.624299679305984512E+00 
  3.572649208957214828E+00 
  3.547588063006150261E+00 
  3.550178394453558095E+00 
  3.580437916229533446E+00 
  3.637339901193519687E+00 
  3.718813182134304895E+00 
  3.821742151770018303E+00 
  3.941966762748136066E+00 
  4.074305609336259515E+00 
  4.213252220802568004E+00 
  4.353300126415237337E+00 
  4.488942855442449087E+00 
  4.614673937152376837E+00 
  4.725458361278438879E+00 
  4.818486203134563439E+00 
  4.891811473622666995E+00 
  4.944160509949576898E+00 
  4.974931975627013614E+00 
  4.984196860471620916E+00 
  4.972698480604939242E+00 
  4.941852478453414577E+00 
  4.893746822748399339E+00 
  4.831141808526148829E+00 
  4.756998596662592504E+00 
  4.672725588758052773E+00 
  4.579539577129762229E+00 
  4.478657354094958798E+00 
  4.371295711970875075E+00 
  4.258671443074748098E+00 
  4.142001339723814013E+00 
  4.022502194235308082E+00 
  3.901390798926466008E+00 
  3.779883946114522164E+00 
  3.659198428116712698E+00 
  3.540551037250273314E+00 
  3.425158565832439272E+00 
  3.314237806180445833E+00 
  3.209005550611530477E+00 
  3.110678591442926244E+00 
  3.020473720991868838E+00 
  2.939607731575594407E+00 
  2.869297415511337768E+00 
  2.811822560742105903E+00 
  2.771606277083603409E+00 
  2.752307425210888780E+00 
  2.756693218035753734E+00 
  2.786639220706720543E+00 
  2.843129350609053141E+00 
  2.926255877364730473E+00 
  3.035219422832473590E+00 
  3.168328961107731878E+00 
  3.226476116043597742E+00 
  3.297271717464490326E+00 
  3.378918242664168847E+00 
  3.469490770313771844E+00 
