   751 
  2.270000000000000000E+05 
  2.240326057836736145E+05 
  2.211323450957266323E+05 
  2.183384587483475043E+05 
  2.156901875537268934E+05 
  2.132267723240530759E+05 
  2.109874538715152303E+05 
  2.090114730083023896E+05 
  2.073380705466033251E+05 
  2.060064872986080591E+05 
  2.050559640765051881E+05 
  2.045257416924838035E+05 
  2.044408325485483801E+05 
  2.046512294440443802E+05 
  2.050851294773180853E+05 
  2.057151089504826523E+05 
  2.065137441656512383E+05 
  2.074536114249370585E+05 
  2.085072870304535318E+05 
  2.096473472843132331E+05 
  2.108463684886296687E+05 
  2.120769269455159374E+05 
  2.133115989570852253E+05 
  2.145229608254510968E+05 
  2.156835888527259231E+05 
  2.167660593410232686E+05 
  2.177429485924563196E+05 
  2.185868329091382329E+05 
  2.192702885931823112E+05 
  2.197658919467013329E+05 
  2.200462192718087463E+05 
  2.200646605572964763E+05 
  2.196031635260048206E+05 
  2.186821535435213882E+05 
  2.173968664546532091E+05 
  2.158425381042065856E+05 
  2.141144043369880237E+05 
  2.123077009978041169E+05 
  2.105176639314608183E+05 
  2.088395289827657398E+05 
  2.073685319965248054E+05 
  2.061999088175446377E+05 
  2.054288952906317136E+05 
  2.051507272605925682E+05 
  2.064610901646979619E+05 
  2.097663339078887366E+05 
  2.141276910364776559E+05 
  2.186063940967775125E+05 
  2.222636756351019721E+05 
  2.241607681977615284E+05 
  2.240904769659690501E+05 
  2.234291408090354525E+05 
  2.223406592989765049E+05 
  2.209183975403000368E+05 
  2.192557206375151582E+05 
  2.174459936951297568E+05 
  2.155825818176520988E+05 
  2.137588501095904503E+05 
  2.120681636754526116E+05 
  2.106038876197478676E+05 
  2.094593870469839312E+05 
  2.087280270616690686E+05 
  2.085007483111813490E+05 
  2.085646277009982441E+05 
  2.087299966491877858E+05 
  2.089900437759934284E+05 
  2.093379577016585681E+05 
  2.097669270464267465E+05 
  2.102701404305414762E+05 
  2.108407864742459788E+05 
  2.114720537977837957E+05 
  2.121571310213983525E+05 
  2.128892067653331615E+05 
  2.136614696498318808E+05 
  2.144671082951374410E+05 
  2.152993113214936166E+05 
  2.161512673491437454E+05 
  2.170161649983313691E+05 
  2.178871928893001168E+05 
  2.187575396422929480E+05 
  2.196203938775536080E+05 
  2.204689442153254640E+05 
  2.212963792758520285E+05 
  2.220958876793769305E+05 
  2.228606580461431877E+05 
  2.235838789963944873E+05 
  2.242587391503742256E+05 
  2.248784271283259150E+05 
  2.254361315504930972E+05 
  2.259250410371189064E+05 
  2.263383442084470007E+05 
  2.266692296847207763E+05 
  2.269108860861837456E+05 
  2.270565020330793050E+05 
  2.270858987009867560E+05 
  2.255949039872110006E+05 
  2.222659999480386032E+05 
  2.179849260173955699E+05 
  2.136374216292068013E+05 
  2.101092262174010684E+05 
  2.082860792159031262E+05 
  2.082266992503325746E+05 
  2.083400806199432700E+05 
  2.085376597645770817E+05 
  2.088134757798075443E+05 
  2.091615677612081927E+05 
  2.095759748043526779E+05 
  2.100507360048145929E+05 
  2.105798904581676470E+05 
  2.111574772599851713E+05 
  2.117775355058408459E+05 
  2.124341042913083220E+05 
  2.131212227119611634E+05 
  2.138329298633731378E+05 
  2.145632648411174305E+05 
  2.153062667407678673E+05 
  2.160559746578980121E+05 
  2.168064276880814577E+05 
  2.175516649268920301E+05 
  2.182857254699028563E+05 
  2.190026484126877331E+05 
  2.196964728508202825E+05 
  2.203612378798740392E+05 
  2.209909825954228581E+05 
  2.215797460930398665E+05 
  2.221215674682989193E+05 
  2.226104858167735511E+05 
  2.230405402340373839E+05 
  2.234057698156640981E+05 
  2.237002136572270247E+05 
  2.239179108542999602E+05 
  2.240529005024564103E+05 
  2.240992216972699680E+05 
  2.226968735571215802E+05 
  2.191536625758008158E+05 
  2.144653389119924977E+05 
  2.096276527243813907E+05 
  2.056363541716524342E+05 
  2.034871934124901309E+05 
  2.035417755413557461E+05 
  2.044165277400474879E+05 
  2.058831691440319992E+05 
  2.078130281869412283E+05 
  2.100774333024079679E+05 
  2.125477129240628274E+05 
  2.150951954855384829E+05 
  2.175912094204669411E+05 
  2.199070831624802377E+05 
  2.219141451452108740E+05 
  2.234837238022897509E+05 
  2.244871475673494569E+05 
  2.247885744523890899E+05 
  2.235858724508003215E+05 
  2.209101029775064089E+05 
  2.174887067592764797E+05 
  2.140491245228774496E+05 
  2.113187969950767001E+05 
  2.100251649026416417E+05 
  2.100991176105850318E+05 
  2.104517207203274593E+05 
  2.110298046503580408E+05 
  2.118021609826438071E+05 
  2.127375812991517596E+05 
  2.138048571818493365E+05 
  2.149727802127028990E+05 
  2.162101419736797980E+05 
  2.174857340467470931E+05 
  2.187683480138717860E+05 
  2.200267754570212855E+05 
  2.212298079581619240E+05 
  2.223462370992610813E+05 
  2.233448544622858462E+05 
  2.241944516292031913E+05 
  2.248638201819803799E+05 
  2.253217517025840061E+05 
  2.255370377729813918E+05 
  2.254441847101456369E+05 
  2.249511742858482758E+05 
  2.240993297352672380E+05 
  2.229374720279653266E+05 
  2.215144221335047623E+05 
  2.198790010214478534E+05 
  2.180800296613569953E+05 
  2.161663290227940306E+05 
  2.141867200753224024E+05 
  2.121900237885039242E+05 
  2.102250611319009913E+05 
  2.083406530750759703E+05 
  2.065856205875907617E+05 
  2.050087846390087216E+05 
  2.036589661988916923E+05 
  2.025849862368020695E+05 
  2.018356657223022194E+05 
  2.014598256249544502E+05 
  2.014780270358785347E+05 
  2.017922034454259265E+05 
  2.023685633002142713E+05 
  2.031839557441516372E+05 
  2.042152299211464415E+05 
  2.054392349751061702E+05 
  2.068328200499391824E+05 
  2.083728342895535752E+05 
  2.100361268378573877E+05 
  2.117995468387592700E+05 
  2.136399434361662716E+05 
  2.155341657739869843E+05 
  2.174590629961294762E+05 
  2.193914842465018446E+05 
  2.213082786690127396E+05 
  2.231862954075690941E+05 
  2.250023836060795875E+05 
  2.267333924084522878E+05 
  2.283561709585952631E+05 
  2.298475684004170471E+05 
  2.311844338778248639E+05 
  2.323436165347272181E+05 
  2.333019655150321778E+05 
  2.340363299626478693E+05 
  2.345235590214825061E+05 
  2.347405018354438071E+05 
  2.346765819565182901E+05 
  2.343620929842224868E+05 
  2.338193050208721543E+05 
  2.330695544207711937E+05 
  2.321341775382241758E+05 
  2.310345107275350892E+05 
  2.297918903430080973E+05 
  2.284276527389473631E+05 
  2.269631342696566135E+05 
  2.254196712894408847E+05 
  2.238186001526039327E+05 
  2.221812572134498332E+05 
  2.205289788262828661E+05 
  2.188831013454066997E+05 
  2.172649611251263705E+05 
  2.156958945197456633E+05 
  2.141972378835686541E+05 
  2.127903275708995643E+05 
  2.114964999360422080E+05 
  2.103370913333014760E+05 
  2.093334381169811531E+05 
  2.085068766413854028E+05 
  2.078787432608183299E+05 
  2.074703743295841268E+05 
  2.073031062019871315E+05 
  2.075644685326128674E+05 
  2.084817635519145115E+05 
  2.099370373365388077E+05 
  2.118066166071018961E+05 
  2.139668280842180538E+05 
  2.162939984885033336E+05 
  2.186644545405732060E+05 
  2.209545229610431415E+05 
  2.230405304705291637E+05 
  2.247988037896456080E+05 
  2.261056696390084981E+05 
  2.268374547392334207E+05 
  2.267968387365158123E+05 
  2.255474078387959744E+05 
  2.234813846043526137E+05 
  2.211342394179224502E+05 
  2.190414426642422914E+05 
  2.177384647280490026E+05 
  2.177069392153541557E+05 
  2.188751995251808548E+05 
  2.209988042405075394E+05 
  2.238555802437761158E+05 
  2.272233544174283743E+05 
  2.308799536439072981E+05 
  2.346032048056526401E+05 
  2.381709347851072671E+05 
  2.413609704647130857E+05 
  2.439511387269119150E+05 
  2.457192664541460399E+05 
  2.464431805288562609E+05 
  2.462959371433330234E+05 
  2.457857448711187171E+05 
  2.449518604011833959E+05 
  2.438290893461850064E+05 
  2.424522373187822523E+05 
  2.408561099316330510E+05 
  2.390755127973955532E+05 
  2.371452515287279675E+05 
  2.351001317382877751E+05 
  2.329749590387344069E+05 
  2.308045390427254315E+05 
  2.286236773629189702E+05 
  2.264671796119732608E+05 
  2.243698514025458426E+05 
  2.223664983472960594E+05 
  2.204919260588815087E+05 
  2.187809401499603700E+05 
  2.172683462331907649E+05 
  2.159889499212305236E+05 
  2.149775568267386116E+05 
  2.142689725623727136E+05 
  2.138980027407910675E+05 
  2.139070526210377284E+05 
  2.143336204736806976E+05 
  2.151104648833926185E+05 
  2.161579775417488127E+05 
  2.173965501403244853E+05 
  2.187465743706948415E+05 
  2.201284419244355522E+05 
  2.214625444931209495E+05 
  2.226692737683267042E+05 
  2.236690214416279923E+05 
  2.243821792046001065E+05 
  2.247291387488182227E+05 
  2.245419768823440827E+05 
  2.236612969791221840E+05 
  2.223514823098474299E+05 
  2.208986227185550379E+05 
  2.195888080492799054E+05 
  2.187081281460581231E+05 
  2.185117715134894243E+05 
  2.187070686968836526E+05 
  2.191145087814544095E+05 
  2.196963774736594351E+05 
  2.204149604799558001E+05 
  2.212325435068012448E+05 
  2.221114122606532183E+05 
  2.230138524479692860E+05 
  2.239021497752071591E+05 
  2.247385899488238210E+05 
  2.254854586752770701E+05 
  2.261050416610243847E+05 
  2.265596246125233301E+05 
  2.268114932362313557E+05 
  2.267945847913100442E+05 
  2.263022912411411817E+05 
  2.253640152192116657E+05 
  2.240573188945233414E+05 
  2.224597644360775885E+05 
  2.206489140128771833E+05 
  2.187023297939235636E+05 
  2.166975739482185163E+05 
  2.147122086447639740E+05 
  2.128237960525611998E+05 
  2.111098983406131447E+05 
  2.096480776779211010E+05 
  2.085158962334869138E+05 
  2.077909161763124575E+05 
  2.075509499161857239E+05 
  2.079291113240804407E+05 
  2.088433774486563925E+05 
  2.100771403235777107E+05 
  2.114137919825085555E+05 
  2.126367244591134368E+05 
  2.135293297870557290E+05 
  2.138750000000000291E+05 
  2.138115499858196999E+05 
  2.136266697720874217E+05 
  2.133285641020159819E+05 
  2.129254377188185754E+05 
  2.124254953657080769E+05 
  2.118369417858975357E+05 
  2.111679817225998268E+05 
  2.104268199190277373E+05 
  2.096216611183946952E+05 
  2.087607100639134296E+05 
  2.078521714987969026E+05 
  2.069042501662581344E+05 
  2.059251508095097670E+05 
  2.049230781717653445E+05 
  2.039062369962376251E+05 
  2.028828320261394838E+05 
  2.018610680046839407E+05 
  2.008491496750836668E+05 
  1.998552817805522645E+05 
  1.988876690643023467E+05 
  1.979545162695469335E+05 
  1.970640281394989288E+05 
  1.962244094173711492E+05 
  1.954438648463770514E+05 
  1.947305991697292775E+05 
  1.940928171306408767E+05 
  1.935387234723247529E+05 
  1.930765229379938392E+05 
  1.927144202708613302E+05 
  1.924606202141400427E+05 
  1.923233275110429677E+05 
  1.924684972373904020E+05 
  1.941103209826370585E+05 
  1.968833350856433972E+05 
  2.000206308292842878E+05 
  2.027552994964343088E+05 
  2.043204323699680390E+05 
  2.044282479608353460E+05 
  2.043137828173288435E+05 
  2.041088216495621018E+05 
  2.038220659983292862E+05 
  2.034622174044247076E+05 
  2.030379774086425314E+05 
  2.025580475517771847E+05 
  2.020311293746228330E+05 
  2.014659244179737580E+05 
  2.008711342226241832E+05 
  2.002554603293682449E+05 
  1.996276042790005158E+05 
  1.989962676123150450E+05 
  1.983701518701061723E+05 
  1.977579585931680922E+05 
  1.971683893222949409E+05 
  1.966101455982812622E+05 
  1.960919289619211922E+05 
  1.956224409540089255E+05 
  1.952103831153388310E+05 
  1.948644569867049577E+05 
  1.945933641089018201E+05 
  1.944058060227235837E+05 
  1.943104842689644720E+05 
  1.946057041934022855E+05 
  1.963930587764304655E+05 
  1.990585832852195890E+05 
  2.017659254095211218E+05 
  2.036787328390862094E+05 
  2.040909796169898764E+05 
  2.039726498938303848E+05 
  2.037276148065398447E+05 
  2.033701510158652964E+05 
  2.029145351825540420E+05 
  2.023750439673531509E+05 
  2.017659540310096636E+05 
  2.011015420342710568E+05 
  2.003960846378843416E+05 
  1.996638585025967041E+05 
  1.989191402891552716E+05 
  1.981762066583070264E+05 
  1.974493342707995616E+05 
  1.967527997873798304E+05 
  1.961008798687950184E+05 
  1.955078511757922533E+05 
  1.949879903691185755E+05 
  1.945555741095214325E+05 
  1.942248790577478649E+05 
  1.940101818745450582E+05 
  1.939257592206601403E+05 
  1.942359152661330882E+05 
  1.952133434145977953E+05 
  1.966998206676638511E+05 
  1.985337441349815927E+05 
  2.005535109262013866E+05 
  2.025975181509742106E+05 
  2.045041629189492669E+05 
  2.061118423397775332E+05 
  2.072589535231093469E+05 
  2.077838935785951326E+05 
  2.077300563540701114E+05 
  2.074713843721578014E+05 
  2.070664723032069742E+05 
  2.065624943688429194E+05 
  2.060066247906910139E+05 
  2.054460377903763729E+05 
  2.049279075895247515E+05 
  2.044994084097612358E+05 
  2.042077144727112027E+05 
  2.041000000000000000E+05 
  2.043713120506302221E+05 
  2.051333224512039451E+05 
  2.063081425747460453E+05 
  2.078178837942813698E+05 
  2.095846574828347075E+05 
  2.115305750134314876E+05 
  2.135777477590954804E+05 
  2.156482870928519988E+05 
  2.176643043877259188E+05 
  2.195479110167420295E+05 
  2.212212183529256727E+05 
  2.226063377693006769E+05 
  2.236253806388924131E+05 
  2.242004583347257285E+05 
  2.242458199195552734E+05 
  2.236837015849405725E+05 
  2.226281575177039776E+05 
  2.212243129333225079E+05 
  2.196172930472730950E+05 
  2.179522230750329036E+05 
  2.163742282320784871E+05 
  2.150284337338878540E+05 
  2.140599647959375870E+05 
  2.136139466337047343E+05 
  2.138650541710924881E+05 
  2.148755872238962620E+05 
  2.165280489838342764E+05 
  2.187013208269191091E+05 
  2.212742841291630757E+05 
  2.241258202665785793E+05 
  2.271348106151788961E+05 
  2.301801365509746538E+05 
  2.331406794499790412E+05 
  2.358953206882044906E+05 
  2.383229416416633467E+05 
  2.403024236863684491E+05 
  2.417126481983310659E+05 
  2.424324965535642114E+05 
  2.424755834553081368E+05 
  2.423306743049648649E+05 
  2.420642371234207531E+05 
  2.416863572244685492E+05 
  2.412071199219007685E+05 
  2.406366105295099551E+05 
  2.399849143610887986E+05 
  2.392621167304296396E+05 
  2.384783029513255169E+05 
  2.376435583375687129E+05 
  2.367679682029519463E+05 
  2.358616178612677613E+05 
  2.349345926263084984E+05 
  2.339969778118672839E+05 
  2.330588587317364290E+05 
  2.321303206997085363E+05 
  2.312214490295761789E+05 
  2.303423290351317264E+05 
  2.295030460301683343E+05 
  2.287136853284782555E+05 
  2.279843322438541218E+05 
  2.273250720900884771E+05 
  2.267459901809738076E+05 
  2.262571718303030939E+05 
  2.258687023518686474E+05 
  2.255906670594631287E+05 
  2.254331512668790820E+05 
  2.254795630405098491E+05 
  2.267629629629630363E+05 
  2.292560933259157755E+05 
  2.324936731907143840E+05 
  2.360104216187052662E+05 
  2.393410576712355833E+05 
  2.420203004096496734E+05 
  2.435828688952949597E+05 
  2.437708456094943394E+05 
  2.435459337055773940E+05 
  2.431173803491829312E+05 
  2.425073807939871331E+05 
  2.417381302936659195E+05 
  2.408318241018953850E+05 
  2.398106574723514786E+05 
  2.386968256587098585E+05 
  2.375125239146472013E+05 
  2.362799474938392523E+05 
  2.350212916499619605E+05 
  2.337587516366913915E+05 
  2.325145227077031741E+05 
  2.313108001166740141E+05 
  2.301697791172796278E+05 
  2.291136549631959933E+05 
  2.281646229080990597E+05 
  2.273448782056647469E+05 
  2.266766161095692660E+05 
  2.261820318734888278E+05 
  2.258833207510991779E+05 
  2.258134795758122636E+05 
  2.265294185980066832E+05 
  2.281297319062914466E+05 
  2.303291374728954979E+05 
  2.328423532700477226E+05 
  2.353840972699776466E+05 
  2.376690874449127296E+05 
  2.394120417670825263E+05 
  2.403276782087159809E+05 
  2.403689834358277149E+05 
  2.402060425587825303E+05 
  2.399137161639868573E+05 
  2.395038473194270337E+05 
  2.389882790930892807E+05 
  2.383788545529599651E+05 
  2.376874167670252500E+05 
  2.369258088032717642E+05 
  2.361058737296856707E+05 
  2.352394546142533072E+05 
  2.343383945249609533E+05 
  2.334145365297946846E+05 
  2.324797236967413337E+05 
  2.315457990937869763E+05 
  2.306246057889178628E+05 
  2.297279868501204182E+05 
  2.288677853453806310E+05 
  2.280558443426853919E+05 
  2.273040069100206601E+05 
  2.266241161153728317E+05 
  2.260280150267282152E+05 
  2.255275467120729736E+05 
  2.251345542393936776E+05 
  2.248608806766765774E+05 
  2.247183690919079236E+05 
  2.248722805821159272E+05 
  2.261191247950560937E+05 
  2.282770120863027987E+05 
  2.309955412718920852E+05 
  2.339243111678597634E+05 
  2.367129205902416725E+05 
  2.390109683550741465E+05 
  2.404680532783915987E+05 
  2.407915165354700875E+05 
  2.406452475856088568E+05 
  2.403298341371500865E+05 
  2.398614236362605006E+05 
  2.392561635291071725E+05 
  2.385302012618567969E+05 
  2.376996842806762434E+05 
  2.367807600317323231E+05 
  2.357895759611915273E+05 
  2.347422795152213075E+05 
  2.336550181399881840E+05 
  2.325439392816590262E+05 
  2.314251903864005872E+05 
  2.303149189003794745E+05 
  2.292292722697630816E+05 
  2.281843979407178995E+05 
  2.271964433594108268E+05 
  2.262815559720086458E+05 
  2.254558832246779639E+05 
  2.247355725635860581E+05 
  2.241367714348995651E+05 
  2.236756272847852961E+05 
  2.233682875594100333E+05 
  2.232308997049406171E+05 
  2.236928392803200113E+05 
  2.255379065825257276E+05 
  2.283580871739795839E+05 
  2.316945042126824264E+05 
  2.350882808566360327E+05 
  2.380805402638391242E+05 
  2.402124055922934785E+05 
  2.410250000000000000E+05 
  2.403857267794807267E+05 
  2.387035838812480797E+05 
  2.363320864502904587E+05 
  2.336247496315949538E+05 
  2.309350885701489460E+05 
  2.286166184109397873E+05 
  2.270228542989546258E+05 
  2.265045987922522472E+05 
  2.269813240565047308E+05 
  2.280980318315690092E+05 
  2.296431576510610757E+05 
  2.314051370485972730E+05 
  2.331724055577924883E+05 
  2.347333987122631224E+05 
  2.358765520456250815E+05 
  2.363903010914942715E+05 
  2.362248985885633738E+05 
  2.356469882647209743E+05 
  2.347943346040051256E+05 
  2.338009587463541538E+05 
  2.328008818317062978E+05 
  2.319281249999996508E+05 
  2.313167093911730044E+05 
  2.311006569462551852E+05 
  2.313656207165220985E+05 
  2.320206548619857640E+05 
  2.329346432901433727E+05 
  2.339764699084912427E+05 
  2.350150186245265068E+05 
  2.359191733457459777E+05 
  2.365578179796466138E+05 
  2.367998364337252278E+05 
  2.366924229748759244E+05 
  2.363824321731077798E+05 
  2.358882383905904135E+05 
  2.352282159894932120E+05 
  2.344207393319855037E+05 
  2.334841827802372281E+05 
  2.324369206964177138E+05 
  2.312973274426964344E+05 
  2.300837773812428932E+05 
  2.288146448742262146E+05 
  2.275083042838166584E+05 
  2.261831299721834075E+05 
  2.248574963014958776E+05 
  2.235497776339236298E+05 
  2.222783483316358179E+05 
  2.210615827568026725E+05 
  2.199178552715932892E+05 
  2.188655402381772001E+05 
  2.179230120187239081E+05 
  2.171086449754027417E+05 
  2.164408134703836113E+05 
  2.159378918658358161E+05 
  2.156182545239288011E+05 
  2.155002758068321564E+05 
  2.156377136777091655E+05 
  2.160549737635943457E+05 
  2.167123285905021185E+05 
  2.175699284088851127E+05 
  2.185879234691960737E+05 
  2.197264640218880377E+05 
  2.209457003174129641E+05 
  2.222057826062238892E+05 
  2.234668611387734709E+05 
  2.246890861655144254E+05 
  2.258326079368997016E+05 
  2.268575767033813754E+05 
  2.277241427154124249E+05 
  2.283924562234455370E+05 
  2.288226674779334280E+05 
  2.289749267293287849E+05 
  2.288112469511318195E+05 
  2.283498329157623521E+05 
  2.276351225720520888E+05 
  2.267115538688327943E+05 
  2.256235647549357964E+05 
  2.244155931791934709E+05 
  2.231320770904372330E+05 
  2.218174544374988182E+05 
  2.205161631692099327E+05 
  2.192726412344019627E+05 
  2.181313265819073131E+05 
  2.171366571605573408E+05 
  2.163330709191838105E+05 
  2.157650058066183701E+05 
  2.154768997716927552E+05 
  2.154751432786506775E+05 
  2.156246069200467609E+05 
  2.159000078973905765E+05 
  2.162915265353645373E+05 
  2.167893431586512306E+05 
  2.173836380919328367E+05 
  2.180645916598918848E+05 
  2.188223841872108460E+05 
  2.196471959985721624E+05 
  2.205292074186585378E+05 
  2.214585987721518613E+05 
  2.224255503837348660E+05 
  2.234202425780899939E+05 
  2.244328556798996287E+05 
  2.254535700138465618E+05 
  2.264725659046126239E+05 
  2.274800236768805480E+05 
  2.284661236553327763E+05 
  2.294210461646517215E+05 
  2.303349715295201459E+05 
  2.311980800746199093E+05 
  2.320005521246337157E+05 
  2.327325680042440654E+05 
  2.333843080381332838E+05 
  2.339459525509840751E+05 
  2.344076818674785027E+05 
  2.347596763122992415E+05 
  2.349921162101286172E+05 
  2.350951818856491300E+05 
  2.349732685072665627E+05 
  2.344435874830054527E+05 
  2.335579950564096216E+05 
  2.323786287087683158E+05 
  2.309676259213706653E+05 
  2.293871241755053925E+05 
  2.276992609524626168E+05 
  2.259661737335310900E+05 
  2.242500000000000000E+05 
